206 1.0 453 
206 1.0 668 
72 0.34951456310679613 85 
206 1.0 842 
206 1.0 444 
206 1.0 1216 
184 0.8932038834951457 289 
206 1.0 1392 
206 1.0 408 
206 1.0 481 
206 1.0 483 
206 1.0 846 
206 1.0 882 
206 1.0 522 
206 1.0 624 
206 1.0 548 
206 1.0 360 
157 0.7621359223300971 196 
206 1.0 450 
206 1.0 450 
206 1.0 421 
206 1.0 450 
206 1.0 1559 
206 1.0 488 
206 1.0 929 
206 1.0 526 
206 1.0 501 
206 1.0 445 
206 1.0 454 
206 1.0 617 
206 1.0 501 
206 1.0 836 
206 1.0 474 
206 1.0 553 
206 1.0 646 
206 1.0 952 
144 0.6990291262135923 178 
206 1.0 460 
206 1.0 575 
206 1.0 459 
170 0.8252427184466019 252 
206 1.0 696 
206 1.0 1137 
206 1.0 1046 
206 1.0 964 
206 1.0 614 
206 1.0 409 
206 1.0 525 
206 1.0 472 
206 1.0 1255 
206 1.0 378 
206 1.0 404 
206 1.0 1465 
206 1.0 1033 
206 1.0 964 
206 1.0 599 
206 1.0 743 
206 1.0 639 
206 1.0 649 
206 1.0 483 
206 1.0 531 
206 1.0 888 
206 1.0 437 
206 1.0 429 
206 1.0 404 
206 1.0 1150 
206 1.0 430 
202 0.9805825242718447 476 
206 1.0 1153 
206 1.0 721 
206 1.0 860 
206 1.0 417 
206 1.0 448 
206 1.0 579 
206 1.0 647 
206 1.0 873 
206 1.0 741 
206 1.0 772 
206 1.0 620 
206 1.0 400 
206 1.0 791 
206 1.0 682 
206 1.0 1241 
206 1.0 387 
206 1.0 540 
194 0.941747572815534 301 
206 1.0 455 
206 1.0 1685 
206 1.0 653 
206 1.0 521 
206 1.0 676 
206 1.0 591 
206 1.0 429 
206 1.0 535 
206 1.0 452 
206 1.0 735 
206 1.0 1619 
206 1.0 474 
206 1.0 528 
206 1.0 713 
138 0.641860465116279 162 
215 1.0 629 
215 1.0 419 
215 1.0 424 
215 1.0 553 
215 1.0 465 
215 1.0 498 
215 1.0 497 
215 1.0 671 
215 1.0 590 
215 1.0 897 
215 1.0 500 
215 1.0 479 
215 1.0 504 
215 1.0 570 
215 1.0 768 
215 1.0 585 
215 1.0 493 
157 0.7302325581395349 183 
215 1.0 553 
215 1.0 468 
215 1.0 470 
215 1.0 368 
215 1.0 432 
215 1.0 546 
215 1.0 588 
215 1.0 558 
215 1.0 884 
215 1.0 552 
215 1.0 403 
215 1.0 579 
215 1.0 461 
215 1.0 531 
215 1.0 550 
215 1.0 545 
215 1.0 506 
215 1.0 483 
215 1.0 409 
215 1.0 395 
215 1.0 457 
215 1.0 468 
215 1.0 385 
215 1.0 475 
215 1.0 560 
189 0.8790697674418605 237 
215 1.0 460 
215 1.0 686 
205 0.9534883720930233 342 
215 1.0 514 
215 1.0 405 
215 1.0 609 
215 1.0 590 
215 1.0 574 
215 1.0 422 
215 1.0 544 
215 1.0 613 
215 1.0 611 
215 1.0 604 
215 1.0 545 
215 1.0 603 
215 1.0 572 
215 1.0 592 
215 1.0 522 
215 1.0 378 
215 1.0 458 
215 1.0 497 
215 1.0 398 
215 1.0 551 
215 1.0 591 
215 1.0 623 
215 1.0 466 
215 1.0 485 
215 1.0 464 
215 1.0 669 
215 1.0 545 
215 1.0 449 
215 1.0 520 
215 1.0 607 
215 1.0 570 
215 1.0 589 
215 1.0 640 
215 1.0 595 
215 1.0 439 
215 1.0 379 
215 1.0 513 
215 1.0 642 
215 1.0 418 
215 1.0 912 
215 1.0 492 
215 1.0 470 
215 1.0 494 
215 1.0 476 
215 1.0 492 
215 1.0 654 
215 1.0 576 
215 1.0 564 
215 1.0 504 
215 1.0 472 
215 1.0 609 
215 1.0 595 
217 1.0 441 
217 1.0 359 
217 1.0 463 
217 1.0 648 
217 1.0 531 
217 1.0 529 
217 1.0 402 
217 1.0 576 
217 1.0 371 
217 1.0 1052 
217 1.0 425 
217 1.0 930 
215 0.9907834101382489 391 
217 1.0 442 
217 1.0 396 
217 1.0 501 
217 1.0 447 
217 1.0 356 
217 1.0 509 
217 1.0 497 
217 1.0 654 
217 1.0 488 
217 1.0 451 
217 1.0 426 
217 1.0 415 
103 0.47465437788018433 126 
217 1.0 458 
217 1.0 510 
217 1.0 622 
217 1.0 811 
217 1.0 454 
217 1.0 414 
217 1.0 523 
217 1.0 609 
217 1.0 690 
217 1.0 655 
217 1.0 618 
217 1.0 497 
217 1.0 464 
217 1.0 458 
217 1.0 506 
217 1.0 464 
217 1.0 680 
217 1.0 376 
217 1.0 545 
217 1.0 519 
217 1.0 553 
217 1.0 533 
217 1.0 627 
217 1.0 500 
217 1.0 500 
217 1.0 485 
217 1.0 420 
217 1.0 402 
217 1.0 552 
217 1.0 424 
217 1.0 537 
217 1.0 503 
217 1.0 411 
217 1.0 442 
217 1.0 539 
217 1.0 429 
217 1.0 424 
217 1.0 463 
217 1.0 508 
217 1.0 398 
217 1.0 718 
217 1.0 323 
217 1.0 378 
217 1.0 547 
217 1.0 547 
217 1.0 531 
217 1.0 646 
197 0.9078341013824884 255 
212 0.9769585253456221 372 
217 1.0 449 
217 1.0 562 
217 1.0 349 
217 1.0 384 
217 1.0 475 
206 0.9493087557603687 284 
217 1.0 396 
217 1.0 500 
217 1.0 518 
217 1.0 729 
217 1.0 530 
217 1.0 418 
217 1.0 535 
217 1.0 432 
217 1.0 417 
217 1.0 482 
217 1.0 523 
217 1.0 555 
217 1.0 466 
217 1.0 577 
217 1.0 925 
217 1.0 365 
217 1.0 592 
217 1.0 548 
217 1.0 689 
225 1.0 507 
225 1.0 492 
225 1.0 476 
225 1.0 392 
225 1.0 419 
225 1.0 626 
225 1.0 523 
225 1.0 388 
225 1.0 654 
225 1.0 638 
225 1.0 385 
225 1.0 427 
225 1.0 694 
225 1.0 412 
225 1.0 460 
225 1.0 406 
225 1.0 383 
225 1.0 934 
225 1.0 507 
225 1.0 714 
225 1.0 638 
225 1.0 534 
225 1.0 421 
225 1.0 417 
225 1.0 654 
225 1.0 692 
225 1.0 483 
225 1.0 436 
225 1.0 600 
225 1.0 543 
225 1.0 632 
225 1.0 432 
225 1.0 543 
225 1.0 727 
225 1.0 668 
225 1.0 473 
225 1.0 632 
225 1.0 453 
225 1.0 548 
225 1.0 1009 
225 1.0 434 
225 1.0 470 
225 1.0 522 
225 1.0 443 
225 1.0 815 
225 1.0 537 
225 1.0 493 
225 1.0 395 
225 1.0 661 
225 1.0 613 
225 1.0 445 
225 1.0 706 
225 1.0 413 
225 1.0 618 
225 1.0 465 
225 1.0 502 
225 1.0 366 
225 1.0 909 
225 1.0 441 
225 1.0 523 
225 1.0 623 
225 1.0 741 
225 1.0 434 
225 1.0 478 
225 1.0 406 
225 1.0 610 
225 1.0 450 
225 1.0 715 
225 1.0 502 
225 1.0 637 
225 1.0 409 
225 1.0 508 
225 1.0 442 
225 1.0 591 
225 1.0 471 
225 1.0 731 
225 1.0 757 
225 1.0 576 
225 1.0 629 
225 1.0 466 
225 1.0 566 
225 1.0 546 
225 1.0 359 
225 1.0 600 
225 1.0 377 
225 1.0 467 
225 1.0 500 
225 1.0 376 
225 1.0 510 
225 1.0 445 
225 1.0 751 
225 1.0 512 
225 1.0 722 
225 1.0 397 
225 1.0 480 
225 1.0 602 
225 1.0 646 
225 1.0 639 
225 1.0 449 
225 1.0 497 
209 1.0 955 
76 0.36363636363636365 100 
32 0.15311004784688995 50 
209 1.0 1308 
209 1.0 447 
209 1.0 1224 
147 0.7033492822966507 201 
58 0.27751196172248804 79 
92 0.44019138755980863 135 
209 1.0 526 
209 1.0 580 
209 1.0 1535 
102 0.4880382775119617 139 
72 0.3444976076555024 122 
73 0.3492822966507177 95 
191 0.9138755980861244 472 
209 1.0 483 
209 1.0 545 
60 0.28708133971291866 72 
209 1.0 1089 
124 0.5933014354066986 156 
64 0.3062200956937799 88 
125 0.5980861244019139 259 
45 0.215311004784689 55 
205 0.9808612440191388 690 
84 0.4019138755980861 105 
209 1.0 1476 
128 0.6124401913875598 252 
209 1.0 1124 
209 1.0 514 
195 0.9330143540669856 471 
209 1.0 736 
209 1.0 788 
209 1.0 545 
105 0.5023923444976076 216 
204 0.9760765550239234 477 
190 0.9090909090909091 385 
209 1.0 872 
209 1.0 1388 
209 1.0 796 
209 1.0 1176 
209 1.0 596 
209 1.0 1153 
94 0.44976076555023925 105 
57 0.2727272727272727 68 
209 1.0 766 
209 1.0 484 
207 0.9904306220095693 462 
80 0.3827751196172249 106 
209 1.0 519 
56 0.2679425837320574 73 
203 0.9712918660287081 384 
59 0.2822966507177033 122 
203 0.9712918660287081 546 
130 0.6220095693779905 332 
209 1.0 811 
200 0.9569377990430622 364 
207 0.9904306220095693 988 
209 1.0 490 
130 0.6220095693779905 219 
62 0.2966507177033493 85 
71 0.3397129186602871 99 
209 1.0 691 
148 0.7081339712918661 345 
209 1.0 681 
203 0.9712918660287081 514 
208 0.9952153110047847 517 
209 1.0 1275 
207 0.9904306220095693 2000 
132 0.631578947368421 180 
109 0.5215311004784688 136 
209 1.0 727 
209 1.0 726 
73 0.3492822966507177 89 
161 0.7703349282296651 250 
207 0.9904306220095693 1028 
201 0.9617224880382775 523 
120 0.5741626794258373 172 
201 0.9617224880382775 384 
202 0.9665071770334929 731 
209 1.0 596 
81 0.3875598086124402 111 
192 0.9186602870813397 759 
99 0.47368421052631576 131 
207 0.9904306220095693 511 
84 0.4019138755980861 121 
201 0.9617224880382775 436 
209 1.0 958 
209 1.0 842 
209 1.0 875 
199 0.9521531100478469 314 
189 0.9043062200956937 303 
209 1.0 676 
117 0.5598086124401914 159 
44 0.21052631578947367 52 
206 0.9856459330143541 1206 
209 1.0 1940 
202 0.9665071770334929 436 
43 0.20574162679425836 55 
204 0.9760765550239234 426 
206 1.0 452 
206 1.0 404 
206 1.0 443 
206 1.0 692 
206 1.0 414 
206 1.0 491 
206 1.0 603 
206 1.0 527 
206 1.0 483 
206 1.0 442 
206 1.0 552 
206 1.0 439 
206 1.0 498 
206 1.0 470 
206 1.0 536 
206 1.0 443 
206 1.0 575 
206 1.0 449 
206 1.0 477 
206 1.0 405 
206 1.0 525 
206 1.0 591 
206 1.0 487 
206 1.0 457 
206 1.0 416 
206 1.0 482 
206 1.0 614 
206 1.0 454 
206 1.0 508 
206 1.0 538 
206 1.0 495 
206 1.0 524 
206 1.0 441 
206 1.0 432 
206 1.0 506 
206 1.0 671 
206 1.0 519 
206 1.0 477 
206 1.0 535 
206 1.0 671 
206 1.0 496 
206 1.0 472 
206 1.0 445 
206 1.0 426 
206 1.0 581 
206 1.0 426 
206 1.0 493 
206 1.0 595 
206 1.0 432 
206 1.0 441 
206 1.0 460 
206 1.0 499 
206 1.0 535 
206 1.0 461 
206 1.0 573 
206 1.0 461 
206 1.0 489 
206 1.0 428 
206 1.0 723 
206 1.0 496 
206 1.0 532 
206 1.0 555 
206 1.0 526 
206 1.0 401 
206 1.0 583 
206 1.0 621 
206 1.0 522 
206 1.0 439 
206 1.0 470 
206 1.0 523 
206 1.0 476 
206 1.0 469 
206 1.0 408 
206 1.0 528 
206 1.0 465 
206 1.0 440 
206 1.0 485 
206 1.0 473 
206 1.0 442 
206 1.0 585 
206 1.0 431 
206 1.0 575 
206 1.0 395 
206 1.0 418 
206 1.0 450 
206 1.0 432 
206 1.0 597 
206 1.0 370 
206 1.0 493 
206 1.0 692 
206 1.0 494 
206 1.0 627 
206 1.0 512 
206 1.0 462 
206 1.0 458 
206 1.0 450 
206 1.0 582 
206 1.0 489 
206 1.0 464 
206 1.0 475 