58.0 774 774 
28.0 1994 1994 
22.0 86 86 
38.0 1289 1289 
62.0 1961 1961 
44.0 1997 1997 
14.0 289 289 
60.0 1625 1625 
28.0 1980 1980 
66.0 573 573 
52.0 1576 1576 
58.0 1997 1997 
38.0 1997 1997 
54.0 1556 1556 
34.0 1967 1967 
74.0 1995 1995 
62.0 1996 1996 
50.0 241 241 
60.0 1656 1656 
60.0 1446 1446 
58.0 1182 1182 
34.0 1325 1325 
62.0 1802 1802 
66.0 1997 1997 
54.0 1035 1035 
30.0 1379 1379 
68.0 1967 1967 
52.0 1916 1916 
56.0 1827 1827 
38.0 1365 1365 
60.0 1859 1859 
60.0 1187 1187 
62.0 1371 1371 
36.0 1995 1995 
74.0 1997 1997 
42.0 1995 1995 
20.0 209 209 
26.0 1999 1999 
36.0 1853 1853 
68.0 1994 1994 
14.0 254 254 
26.0 1136 1136 
42.0 1978 1978 
40.0 1273 1273 
20.0 1072 1072 
62.0 2000 2000 
28.0 1132 1132 
72.0 1848 1848 
30.0 1620 1620 
58.0 1994 1994 
54.0 1902 1902 
58.0 1648 1648 
46.0 1693 1693 
38.0 1998 1998 
32.0 357 357 
24.0 1257 1257 
38.0 1994 1994 
44.0 1999 1999 
24.0 860 860 
58.0 1138 1138 
64.0 1212 1212 
58.0 1244 1244 
36.0 1919 1919 
42.0 1998 1998 
22.0 1996 1996 
30.0 1391 1391 
58.0 1739 1739 
16.0 1690 1690 
32.0 1508 1508 
60.0 1755 1755 
44.0 1947 1947 
66.0 576 576 
62.0 1834 1834 
76.0 1700 1700 
30.0 1876 1876 
50.0 1996 1996 
24.0 1078 1078 
58.0 1345 1345 
24.0 1332 1332 
70.0 701 701 
70.0 1047 1047 
60.0 1376 1376 
46.0 1445 1445 
60.0 344 344 
76.0 1993 1993 
22.0 485 485 
66.0 1543 1543 
56.0 1447 1447 
54.0 977 977 
66.0 711 711 
38.0 2000 2000 
38.0 1773 1773 
62.0 1995 1995 
32.0 1871 1871 
30.0 839 839 
60.0 1999 1999 
62.0 1835 1835 
62.0 1046 1046 
58.0 715 715 
64.0 1996 1996
32.0 164 164 
34.0 1998 1998 
30.0 111 111 
30.0 1007 1007 
30.0 709 709 
32.0 1628 1628 
30.0 548 548 
32.0 2000 2000 
26.0 119 119 
32.0 1877 1877 
32.0 1171 1171 
32.0 399 399 
32.0 1998 1998 
32.0 419 419 
34.0 1995 1995 
30.0 1197 1197 
32.0 1995 1995 
30.0 155 155 
32.0 209 209 
32.0 633 633 
32.0 726 726 
30.0 1999 1999 
26.0 207 207 
30.0 329 329 
30.0 1997 1997 
30.0 1292 1292 
26.0 353 353 
30.0 1746 1746 
32.0 1886 1886 
30.0 892 892 
30.0 325 325 
30.0 913 913 
34.0 1995 1995 
28.0 102 102 
30.0 174 174 
28.0 102 102 
32.0 1999 1999 
28.0 1993 1993 
32.0 811 811 
34.0 1995 1995 
30.0 1999 1999 
30.0 1402 1402 
28.0 743 743 
34.0 2000 2000 
30.0 237 237 
32.0 888 888 
32.0 1996 1996 
30.0 342 342 
34.0 1999 1999 
32.0 454 454 
30.0 1429 1429 
28.0 1756 1756 
32.0 137 137 
30.0 1997 1997 
34.0 1994 1994 
32.0 1997 1997 
30.0 175 175 
28.0 103 103 
30.0 889 889 
32.0 1995 1995 
30.0 722 722 
34.0 1998 1998 
34.0 112 112 
30.0 1533 1533 
34.0 1995 1995 
32.0 329 329 
32.0 222 222 
30.0 749 749 
30.0 1419 1419 
32.0 92 92 
32.0 1663 1663 
30.0 399 399 
30.0 1573 1573 
34.0 2000 2000 
32.0 1512 1512 
30.0 862 862 
28.0 1966 1966 
28.0 1734 1734 
30.0 1998 1998 
30.0 693 693 
30.0 985 985 
32.0 720 720 
32.0 1859 1859 
26.0 509 509 
28.0 541 541 
32.0 107 107 
32.0 1978 1978 
32.0 240 240 
32.0 1708 1708 
30.0 136 136 
32.0 1995 1995 
30.0 217 217 
30.0 956 956 
28.0 1568 1568 
30.0 2000 2000 
30.0 111 111 
30.0 1997 1997 
30.0 250 250 
32.0 1209 1209 
32.0 1999 1999 
52.0 2000 2000 
54.0 357 357 
42.0 1998 1998 
56.0 328 328 
52.0 301 301 
50.0 566 566 
54.0 702 702 
56.0 1673 1673 
30.0 545 545 
52.0 1999 1999 
36.0 1998 1998 
50.0 1607 1607 
56.0 272 272 
52.0 557 557 
56.0 1998 1998 
52.0 2000 2000 
54.0 1997 1997 
52.0 313 313 
50.0 202 202 
58.0 658 658 
50.0 243 243 
60.0 1499 1499 
46.0 1828 1828 
52.0 571 571 
50.0 551 551 
24.0 116 116 
58.0 1848 1848 
56.0 2000 2000 
44.0 243 243 
52.0 1995 1995 
52.0 1337 1337 
54.0 726 726 
50.0 188 188 
50.0 273 273 
54.0 1998 1998 
30.0 922 922 
50.0 1093 1093 
50.0 251 251 
54.0 1041 1041 
44.0 1740 1740 
52.0 610 610 
56.0 1996 1996 
52.0 1996 1996 
52.0 1421 1421 
50.0 200 200 
52.0 1995 1995 
38.0 622 622 
50.0 155 155 
54.0 271 271 
50.0 244 244 
54.0 377 377 
52.0 1996 1996 
52.0 1995 1995 
54.0 450 450 
56.0 347 347 
54.0 936 936 
56.0 143 143 
60.0 1997 1997 
54.0 1997 1997 
54.0 1099 1099 
50.0 719 719 
50.0 388 388 
56.0 1571 1571 
56.0 1920 1920 
50.0 1964 1964 
56.0 1999 1999 
48.0 1994 1994 
58.0 1506 1506 
54.0 1884 1884 
54.0 201 201 
54.0 257 257 
56.0 772 772 
30.0 729 729 
50.0 168 168 
54.0 358 358 
50.0 267 267 
56.0 236 236 
54.0 1997 1997 
52.0 305 305 
54.0 318 318 
50.0 151 151 
52.0 738 738 
52.0 1397 1397 
54.0 751 751 
58.0 1062 1062 
56.0 433 433 
46.0 668 668 
52.0 2000 2000 
56.0 1998 1998 
52.0 2000 2000 
44.0 1999 1999 
52.0 1321 1321 
40.0 674 674 
52.0 1998 1998 
48.0 744 744 
50.0 1386 1386 
50.0 404 404 
50.0 1766 1766 
54.0 253 253 
54.0 994 994 
22.0 69 69 
22.0 1685 1685 
22.0 209 209 
24.0 1998 1998 
24.0 2000 2000 
22.0 105 105 
24.0 1997 1997 
22.0 758 758 
22.0 733 733 
22.0 850 850 
22.0 372 372 
22.0 313 313 
24.0 1996 1996 
22.0 403 403 
22.0 430 430 
24.0 1999 1999 
22.0 327 327 
22.0 118 118 
24.0 1998 1998 
22.0 246 246 
22.0 164 164 
26.0 335 335 
24.0 1997 1997 
22.0 1852 1852 
24.0 1998 1998 
22.0 382 382 
22.0 582 582 
22.0 1691 1691 
22.0 85 85 
24.0 901 901 
24.0 1998 1998 
22.0 187 187 
22.0 689 689 
22.0 846 846 
20.0 806 806 
24.0 1997 1997 
22.0 913 913 
22.0 846 846 
26.0 1866 1866 
22.0 1379 1379 
22.0 587 587 
24.0 1999 1999 
24.0 1995 1995 
22.0 1378 1378 
20.0 1836 1836 
24.0 2000 2000 
22.0 1288 1288 
22.0 120 120 
24.0 1996 1996 
22.0 762 762 
24.0 1995 1995 
20.0 237 237 
24.0 1993 1993 
26.0 1341 1341 
22.0 190 190 
24.0 152 152 
22.0 862 862 
22.0 1838 1838 
22.0 116 116 
22.0 598 598 
22.0 1434 1434 
22.0 424 424 
22.0 464 464 
22.0 547 547 
22.0 157 157 
24.0 1995 1995 
24.0 1996 1996 
22.0 367 367 
22.0 1332 1332 
22.0 204 204 
24.0 1998 1998 
22.0 397 397 
22.0 363 363 
22.0 1714 1714 
24.0 1996 1996 
24.0 1999 1999 
22.0 114 114 
24.0 1995 1995 
22.0 145 145 
22.0 1449 1449 
24.0 2000 2000 
22.0 1943 1943 
22.0 1173 1173 
22.0 583 583 
22.0 93 93 
24.0 1999 1999 
22.0 1069 1069 
22.0 348 348 
22.0 1946 1946 
22.0 158 158 
24.0 1999 1999 
24.0 2000 2000 
22.0 1114 1114 
20.0 387 387 
22.0 792 792 
20.0 172 172 
24.0 1991 1991 
20.0 1831 1831 
22.0 1993 1993 
22.0 206 206 
16.0 1897 1897 
6.0 69 69 
0.0 -1 -1 
12.0 84 84 
12.0 65 65 
18.0 1825 1825 
12.0 25 25 
10.0 73 73 
16.0 157 157 
12.0 121 121 
12.0 55 55 
12.0 87 87 
12.0 22 22 
12.0 47 47 
16.0 84 84 
12.0 134 134 
12.0 527 527 
12.0 40 40 
0.0 -1 -1 
12.0 161 161 
14.0 153 153 
12.0 79 79 
14.0 269 269 
0.0 -1 -1 
14.0 691 691 
18.0 175 175 
12.0 152 152 
16.0 221 221 
12.0 70 70 
18.0 1995 1995 
12.0 25 25 
14.0 1995 1995 
12.0 71 71 
16.0 1463 1463 
4.0 213 213 
12.0 47 47 
12.0 137 137 
12.0 158 158 
16.0 874 874 
12.0 40 40 
16.0 150 150 
12.0 161 161 
16.0 1502 1502 
12.0 42 42 
0.0 -1 -1 
12.0 78 78 
12.0 113 113 
12.0 111 111 
0.0 -1 -1 
12.0 167 167 
4.0 63 63 
12.0 97 97 
14.0 187 187 
16.0 524 524 
16.0 103 103 
12.0 95 95 
12.0 151 151 
18.0 254 254 
14.0 1218 1218 
14.0 184 184 
4.0 88 88 
6.0 86 86 
12.0 71 71 
12.0 33 33 
12.0 80 80 
16.0 749 749 
12.0 520 520 
12.0 22 22 
12.0 97 97 
12.0 77 77 
10.0 126 126 
16.0 124 124 
12.0 59 59 
12.0 70 70 
12.0 89 89 
14.0 1996 1996 
14.0 658 658 
12.0 88 88 
12.0 110 110 
12.0 189 189 
18.0 859 859 
12.0 94 94 
12.0 58 58 
12.0 72 72 
12.0 93 93 
14.0 121 121 
12.0 77 77 
12.0 97 97 
12.0 24 24 
12.0 71 71 
12.0 258 258 
12.0 66 66 
12.0 118 118 
12.0 63 63 
8.0 41 41 
16.0 1571 1571 
12.0 95 95 
12.0 44 44 
0.0 -1 -1 
12.0 63 63 
0.0 0 0 
0.0 -1 -1 
0.0 -1 -1 
0.0 -1 -1 
0.0 -1 -1 
0.0 -1 -1 
0.0 -1 -1 
0.0 -1 -1 
0.0 -1 -1 
0.0 -1 -1 
0.0 -1 -1 
0.0 -1 -1 
0.0 -1 -1 
0.0 -1 -1 
0.0 -1 -1 
0.0 -1 -1 
0.0 -1 -1 
0.0 -1 -1 
0.0 -1 -1 
0.0 -1 -1 
0.0 -1 -1 
0.0 -1 -1 
0.0 -1 -1 
0.0 -1 -1 
0.0 -1 -1 
0.0 -1 -1 
0.0 -1 -1 
0.0 -1 -1 
0.0 -1 -1 
0.0 -1 -1 
0.0 -1 -1 
0.0 -1 -1 
0.0 -1 -1 
0.0 -1 -1 
0.0 -1 -1 
0.0 -1 -1 
0.0 -1 -1 
0.0 -1 -1 
0.0 -1 -1 
0.0 -1 -1 
0.0 -1 -1 
0.0 -1 -1 
0.0 -1 -1 
0.0 -1 -1 
0.0 -1 -1 
0.0 -1 -1 
0.0 -1 -1 
0.0 -1 -1 
0.0 -1 -1 
0.0 -1 -1 
0.0 -1 -1 
0.0 -1 -1 
0.0 -1 -1 
0.0 -1 -1 
0.0 -1 -1 
0.0 -1 -1 
0.0 -1 -1 
0.0 -1 -1 
0.0 -1 -1 
0.0 -1 -1 
0.0 -1 -1 
0.0 -1 -1 
0.0 -1 -1 
0.0 -1 -1 
0.0 -1 -1 
0.0 -1 -1 
0.0 -1 -1 
0.0 -1 -1 
0.0 -1 -1 
0.0 -1 -1 
0.0 -1 -1 
0.0 -1 -1 
0.0 -1 -1 
0.0 -1 -1 
0.0 -1 -1 
0.0 -1 -1 
0.0 -1 -1 
0.0 -1 -1 
0.0 -1 -1 
0.0 -1 -1 
0.0 -1 -1 
0.0 -1 -1 
0.0 -1 -1 
0.0 -1 -1 
0.0 -1 -1 
0.0 -1 -1 
0.0 -1 -1 
0.0 -1 -1 
0.0 -1 -1 
0.0 -1 -1 
0.0 -1 -1 
0.0 -1 -1 
0.0 -1 -1 
0.0 -1 -1 
0.0 -1 -1 
0.0 -1 -1 
0.0 -1 -1 
0.0 -1 -1 
0.0 -1 -1 
0.0 -1 -1 