27 708 
27 844 
27 884 
27 668 
27 968 
27 951 
27 914 
27 1270 
27 794 
27 1917 
27 992 
27 936 
27 730 
27 939 
27 822 
27 519 
27 1167 
27 984 
27 1319 
27 1072 
27 1077 
27 586 
27 1093 
26 761 
27 1122 
27 1184 
27 767 
27 674 
27 1094 
27 406 
27 539 
27 541 
26 763 
27 1041 
27 647 
25 466 
27 1003 
27 928 
27 730 
27 897 
27 767 
27 774 
27 736 
27 785 
27 742 
27 1356 
27 833 
27 842 
27 848 
27 641 
27 1009 
26 901 
27 528 
27 425 
26 923 
27 604 
27 893 
27 614 
27 945 
27 789 
27 1273 
27 539 
27 683 
27 823 
27 944 
27 998 
27 817 
27 892 
27 783 
26 721 
27 719 
27 486 
27 1065 
27 769 
27 638 
27 840 
27 1093 
27 712 
27 953 
27 967 
27 472 
27 676 
27 659 
27 719 
27 1247 
27 767 
27 991 
26 523 
27 859 
27 1164 
27 604 
27 1243 
27 1150 
27 604 
27 667 
27 823 
27 1486 
27 605 
27 905 
27 882 
19 940 
19 477 
19 556 
19 979 
19 1472 
19 1108 
19 875 
19 473 
19 950 
18 1416 
19 1379 
19 597 
19 649 
19 756 
19 746 
19 919 
19 784 
19 634 
19 892 
18 1943 
19 623 
19 770 
19 986 
19 942 
19 894 
19 1306 
19 1594 
19 1812 
19 1252 
19 800 
19 1007 
19 1035 
19 1026 
19 635 
18 1026 
19 572 
19 1115 
19 1244 
19 1215 
19 729 
19 912 
19 1072 
19 773 
19 684 
19 1245 
19 684 
19 809 
19 728 
19 827 
19 648 
19 938 
19 604 
19 882 
19 1951 
19 1059 
18 429 
19 820 
19 1237 
19 1328 
19 1044 
19 1093 
19 1006 
19 924 
19 667 
18 1175 
19 828 
19 1323 
19 1344 
18 809 
19 1059 
19 1134 
18 1259 
19 1060 
19 1051 
19 1112 
19 783 
19 1144 
18 1281 
19 1276 
19 1011 
19 1165 
19 777 
19 1001 
18 1588 
19 1123 
19 1022 
19 508 
19 825 
19 751 
19 1278 
19 1353 
19 936 
19 615 
19 1194 
19 1321 
19 658 
19 1048 
19 798 
19 662 
19 1139 
41 1015 
41 877 
41 993 
41 1266 
41 904 
41 794 
41 1778 
40 1727 
41 833 
41 1896 
41 813 
41 561 
41 828 
41 827 
41 691 
41 926 
41 770 
41 773 
41 589 
41 662 
41 1107 
41 696 
41 1468 
41 1503 
41 946 
40 1393 
41 1107 
41 1165 
41 943 
41 996 
41 736 
41 545 
41 733 
35 529 
41 731 
41 923 
41 816 
41 988 
41 1470 
40 934 
41 1266 
41 1067 
41 1126 
41 738 
41 1286 
41 805 
41 1225 
41 1044 
36 572 
41 1373 
41 762 
40 505 
41 980 
40 685 
41 1082 
41 1020 
40 816 
41 1136 
41 804 
41 753 
41 740 
40 1274 
41 795 
41 1057 
41 1204 
41 819 
41 871 
41 808 
41 747 
41 859 
41 1482 
41 709 
41 828 
41 792 
41 832 
41 831 
41 629 
41 1016 
40 771 
41 459 
41 656 
41 790 
41 1033 
41 902 
41 1435 
41 737 
40 678 
41 1399 
41 720 
40 842 
41 869 
41 776 
41 1054 
41 744 
40 669 
41 742 
41 976 
40 1172 
41 1635 
40 745 
8 660 
8 588 
8 554 
8 338 
8 713 
8 600 
8 537 
8 540 
8 439 
8 436 
8 618 
7 319 
8 482 
8 244 
8 955 
8 309 
8 390 
8 264 
8 315 
8 387 
8 647 
8 583 
8 293 
8 541 
8 475 
8 346 
8 731 
8 638 
8 530 
8 528 
8 637 
8 815 
8 925 
8 582 
8 527 
8 451 
8 665 
8 1062 
8 654 
8 647 
8 497 
8 405 
8 344 
8 414 
8 455 
8 488 
8 555 
8 685 
8 512 
8 268 
8 392 
8 352 
8 498 
8 330 
8 638 
8 1371 
8 1276 
8 413 
8 497 
8 605 
8 615 
8 398 
8 598 
8 504 
8 581 
8 254 
8 580 
8 607 
8 477 
8 336 
8 480 
8 601 
8 319 
8 635 
8 355 
8 538 
8 500 
8 657 
8 437 
8 309 
8 623 
8 962 
8 429 
8 502 
8 438 
4 350 
8 1232 
8 385 
8 411 
8 261 
8 415 
8 352 
8 354 
8 605 
8 584 
8 500 
8 353 
8 618 
8 413 
8 392 
50 241 
50 264 
50 273 
50 241 
50 259 
50 151 
50 219 
50 755 
50 493 
50 308 
50 246 
50 346 
50 478 
50 143 
50 156 
50 313 
50 1028 
50 212 
50 605 
50 724 
50 400 
50 523 
49 1313 
50 220 
50 146 
50 241 
50 161 
50 168 
50 256 
50 141 
50 500 
49 245 
50 477 
50 471 
50 249 
50 333 
50 295 
50 152 
50 148 
50 369 
50 379 
50 833 
50 278 
50 487 
50 141 
50 226 
50 225 
50 1256 
50 338 
50 284 
50 238 
49 1732 
50 223 
50 511 
50 349 
50 287 
50 317 
50 132 
49 1630 
50 171 
50 315 
50 439 
50 358 
50 273 
50 178 
50 713 
50 192 
50 332 
50 235 
50 482 
50 273 
50 396 
50 1018 
50 592 
50 514 
50 653 
50 494 
50 252 
50 143 
50 323 
50 338 
50 251 
50 483 
50 305 
50 1523 
50 434 
50 515 
50 462 
50 246 
50 364 
50 396 
50 572 
50 515 
50 551 
50 320 
50 160 
50 325 
50 486 
50 404 
44 263 
26 1497 
27 422 
24 1984 
26 682 
27 1299 
26 1961 
23 216 
24 1728 
26 1160 
25 898 
27 1834 
27 728 
27 1087 
26 1032 
25 1629 
25 385 
27 630 
27 1213 
26 396 
26 682 
27 1793 
26 440 
27 1965 
27 1168 
27 746 
26 787 
25 925 
24 375 
26 1192 
26 1540 
27 1096 
25 725 
25 1887 
27 1361 
25 572 
27 1125 
27 815 
25 1627 
26 255 
27 1461 
27 760 
19 1746 
26 424 
27 560 
26 361 
27 677 
27 1379 
25 1948 
27 521 
27 1205 
26 408 
26 1657 
26 437 
26 534 
27 746 
27 1056 
26 999 
26 653 
26 631 
25 1341 
25 317 
27 496 
26 653 
26 1713 
26 451 
27 1591 
27 472 
26 1806 
27 1239 
27 1436 
27 916 
27 1379 
26 1358 
26 837 
26 1346 
26 485 
27 1517 
27 958 
27 1202 
26 981 
25 722 
25 1894 
27 858 
26 1007 
27 1023 
26 304 
26 257 
19 891 
25 1883 
27 610 
27 1166 
26 1846 
25 608 
27 1263 
26 1452 
26 382 
26 1173 
26 649 
25 1316 
27 1118 