9 1977 
10 1659 
11 1255 
11 1167 
11 1303 
11 1178 
11 1996 
11 1936 
10 1163 
8 1935 
11 1367 
11 1467 
10 1994 
10 1259 
11 1299 
11 1179 
10 1131 
11 1991 
9 1831 
10 1979 
11 1755 
11 1575 
11 1637 
12 1036 
11 1407 
11 1287 
9 1875 
11 1397 
9 1899 
11 1635 
10 1088 
11 1331 
10 1189 
10 1498 
11 1711 
12 1383 
10 1703 
11 1111 
11 1367 
11 971 
11 1507 
11 1363 
11 1984 
11 1714 
11 1455 
11 1187 
10 1523 
11 1800 
11 1773 
11 1934 
11 1335 
12 991 
11 1903 
11 1901 
11 883 
11 951 
11 1799 
11 1943 
9 1165 
9 1959 
10 1395 
10 1395 
10 1343 
11 1407 
10 1923 
11 1387 
11 1699 
11 1127 
10 1311 
12 1255 
10 963 
10 1451 
11 1651 
11 1923 
11 1319 
11 1140 
10 1735 
11 1295 
11 1191 
11 1343 
9 1783 
11 1783 
11 1908 
11 1204 
11 1135 
10 1427 
11 1511 
11 995 
11 1572 
11 983 
11 1424 
11 1995 
11 1495 
11 1015 
11 1411 
10 1428 
9 1180 
11 992 
11 1106 
11 1515 
12 1552 
13 1976 
15 1468 
15 1743 
15 1852 
15 1238 
13 1408 
14 1731 
14 1823 
14 1273 
15 1921 
14 1668 
10 1976 
15 1823 
15 1873 
10 1278 
9 1647 
15 1328 
12 1603 
16 1239 
12 1484 
15 1880 
12 1706 
11 1673 
15 1515 
12 1907 
12 1725 
13 1729 
9 1592 
14 1883 
14 1073 
13 1715 
14 1907 
15 1579 
12 1955 
12 1763 
15 1995 
13 1775 
15 1879 
13 1995 
15 1619 
15 1667 
13 1598 
15 1835 
13 1961 
14 1389 
11 1772 
15 1531 
13 1639 
14 1399 
14 1719 
14 1756 
14 1591 
14 1915 
15 1788 
16 1508 
14 1633 
15 1921 
14 1571 
13 1945 
13 1635 
14 1376 
15 1867 
15 1363 
15 1833 
15 1451 
15 1783 
13 1723 
16 1331 
14 1727 
15 1815 
16 1271 
15 1638 
15 1071 
12 1355 
12 1626 
15 1941 
14 1700 
12 987 
15 1339 
13 1336 
15 1276 
14 1743 
16 1423 
12 1651 
11 1999 
14 1996 
12 1732 
13 1695 
15 1375 
15 1996 
13 1343 
14 1817 
15 1437 
13 1908 
14 1314 
14 1867 
13 1993 
15 1443 
14 1342 
11 1635 
12 1823 
12 1143 
12 1163 
12 1347 
11 1715 
11 1428 
13 1677 
12 1415 
11 1011 
12 1818 
12 1521 
9 1803 
11 1617 
11 1400 
12 1531 
11 1347 
12 1759 
12 1326 
12 1091 
11 1191 
12 1319 
11 1551 
12 1679 
12 1241 
11 1978 
10 1581 
12 1543 
12 1017 
12 1727 
10 1563 
12 1403 
9 1567 
11 1996 
12 955 
12 1179 
12 1319 
12 1091 
11 1694 
13 1755 
12 1601 
12 1043 
12 1524 
12 1383 
12 1919 
12 1439 
12 1963 
12 1557 
13 1215 
11 1319 
12 1879 
12 1300 
9 1511 
13 1061 
10 1534 
12 1691 
12 1611 
12 1318 
10 1503 
10 1523 
10 1507 
12 1471 
12 1332 
11 1343 
12 1763 
12 1338 
12 1867 
12 1755 
11 1331 
12 1695 
12 1748 
11 1283 
11 1632 
12 1143 
11 1979 
12 1699 
12 1555 
11 1924 
13 1923 
10 1115 
12 1412 
12 1419 
10 1893 
12 1331 
12 1599 
12 1039 
12 1811 
12 1506 
11 1779 
12 1927 
12 1735 
12 1157 
10 1879 
12 1743 
13 1714 
12 1615 
12 1599 
10 1087 
12 1731 
11 1897 
4 1315 
4 1175 
4 1191 
4 823 
4 1083 
4 959 
4 967 
4 827 
4 883 
4 1797 
4 1375 
5 1230 
3 1995 
4 1131 
4 859 
4 1307 
4 1043 
4 1031 
4 1587 
4 851 
4 875 
3 650 
4 1376 
4 1343 
4 1731 
3 1623 
4 1403 
4 819 
4 955 
4 1100 
4 924 
4 634 
4 1071 
4 1039 
4 927 
4 1204 
4 863 
4 1534 
4 1151 
4 907 
4 1335 
4 1494 
4 1343 
4 1231 
4 800 
4 1310 
4 1184 
4 1631 
4 1083 
4 835 
4 887 
3 1315 
4 1175 
3 1509 
4 879 
4 1022 
4 1236 
4 1732 
4 979 
3 871 
3 1225 
4 1672 
4 1075 
4 1275 
4 1884 
4 1319 
4 1982 
4 1475 
3 852 
4 1087 
4 951 
4 1279 
4 1099 
4 1921 
4 963 
4 1375 
3 1877 
4 1003 
4 915 
4 914 
3 1263 
3 1940 
4 867 
4 1027 
4 1586 
4 1196 
4 937 
4 1231 
4 1247 
3 643 
4 1055 
4 831 
4 1128 
4 851 
4 823 
4 829 
3 616 
4 1007 
4 836 
4 1211 
12 1938 
11 942 
13 1051 
13 1579 
13 1031 
13 908 
13 1728 
13 1487 
13 1393 
13 1659 
13 1436 
13 1271 
13 1127 
12 823 
13 1615 
13 918 
13 804 
13 1211 
13 899 
13 927 
12 1299 
13 917 
14 1176 
13 813 
13 1671 
12 835 
13 1359 
13 868 
12 1605 
11 867 
12 1507 
14 1261 
13 1939 
13 1014 
12 1507 
13 1418 
13 1169 
11 1203 
13 859 
13 1311 
13 1163 
13 1975 
13 1095 
12 1067 
11 1191 
13 823 
12 1725 
13 1359 
13 1467 
13 1296 
13 1259 
14 905 
12 1639 
13 871 
13 1003 
13 835 
12 883 
13 872 
13 1359 
13 839 
13 1128 
13 939 
10 1899 
12 1727 
12 1352 
13 1195 
12 1687 
13 1112 
13 879 
13 1543 
12 976 
13 1323 
13 759 
13 1963 
13 1163 
11 1943 
13 1195 
13 1147 
13 831 
12 1959 
13 843 
13 1071 
13 1127 
13 1695 
13 1452 
12 1823 
13 1227 
13 1647 
12 1187 
12 1012 
11 1014 
13 1247 
13 1431 
13 905 
13 831 
12 1091 
12 871 
13 1187 
13 1529 
14 1326 
11 1887 
7 1250 
12 1455 
6 1507 
10 1979 
9 1067 
12 1231 
11 1723 
12 1555 
12 1271 
11 1839 
10 1579 
11 1431 
10 1875 
10 1495 
11 1923 
11 1367 
10 1767 
12 1334 
10 1971 
10 1443 
12 1806 
11 1235 
11 1971 
11 1620 
12 1403 
8 1623 
12 1163 
11 1699 
12 1603 
9 1707 
10 1815 
8 1789 
10 1971 
11 1779 
11 1579 
8 1227 
11 1991 
10 1955 
8 1855 
10 1391 
10 1819 
8 1618 
10 1927 
12 1971 
11 1232 
8 1691 
11 1795 
9 1615 
10 1959 
11 1943 
11 1699 
11 1981 
9 1995 
10 1143 
11 1877 
12 1183 
9 1199 
12 1419 
12 1979 
10 1875 
11 1376 
8 1681 
12 1247 
9 1959 
10 1347 
9 1451 
10 1311 
11 1867 
9 1331 
10 1463 
11 1651 
12 1551 
12 1800 
9 1836 
12 1619 
11 1839 
11 1259 
11 1843 
11 1683 
9 1539 
11 1679 
10 1655 
10 1680 
11 1839 
12 1883 
9 1700 
12 1963 
10 1998 
9 1783 
11 1392 
9 1579 
10 1795 
10 1710 
12 1519 
10 1322 
11 1843 
8 1667 
9 903 
11 1120 