6 112 517 42 52 191 893 
5 24 32 18 42 47 114 
6 79 62 42 26 221 294 
4 86 626 35 27 35 857 
6 115 188 47 49 543 546 
6 52 248 27 26 79 341 
5 82 142 38 11 95 328 
5 118 454 40 17 341 896 
5 125 573 57 25 41 805 
6 125 546 50 11 179 806 
6 107 565 43 15 743 743 
6 77 696 40 22 213 396 
6 78 707 38 11 263 452 
6 60 78 37 25 227 253 
6 110 636 50 16 161 517 
3 10 4 6 16 4 31 
6 108 641 51 44 479 738 
4 29 104 20 9 53 187 
6 72 748 38 29 252 510 
6 66 723 38 10 100 556 
6 74 757 37 29 131 773 
4 59 379 35 9 71 491 
4 36 112 21 18 29 161 
5 57 788 37 40 41 396 
6 86 108 41 15 141 370 
6 49 543 31 35 245 444 
5 67 708 33 51 65 993 
6 105 577 42 38 277 662 
6 124 589 52 40 209 770 
6 67 745 41 33 283 435 
6 48 47 29 29 97 184 
6 86 658 38 31 95 991 
4 35 93 21 33 35 211 
5 65 284 39 18 37 440 
6 39 232 27 29 95 353 
5 111 562 38 19 581 827 
4 21 74 13 17 47 137 
5 60 763 37 10 221 438 
6 114 518 44 38 267 993 
6 49 770 29 69 329 485 
6 110 538 42 22 95 948 
5 58 97 29 9 98 236 
7 70 396 41 22 222 432 
6 77 169 37 16 335 442 
5 37 123 23 21 85 233 
6 117 530 45 27 341 865 
6 67 704 33 10 695 992 
6 31 146 22 22 132 149 
5 54 164 29 12 100 272 
5 60 287 35 17 323 365 
6 120 179 55 24 245 527 
6 98 339 49 11 179 412 
4 36 94 21 12 65 201 
6 122 356 55 23 245 800 
5 123 431 51 29 49 831 
6 60 762 31 22 379 467 
6 81 720 38 12 455 498 
5 37 836 28 12 99 470 
5 49 40 25 14 100 157 
5 116 422 53 56 53 870 
4 9 5 4 9 18 19 
6 53 117 33 12 277 277 
4 42 58 23 20 41 194 
6 67 751 38 27 468 995 
5 113 537 40 15 335 867 
6 60 134 37 10 275 325 
6 77 655 38 11 229 987 
6 69 355 39 12 399 399 
5 55 123 29 33 269 269 
4 28 59 18 9 18 70 
6 43 54 28 14 144 187 
6 110 562 44 20 342 847 
6 66 301 33 32 455 488 
6 123 554 47 11 181 801 
6 65 241 35 35 263 419 
6 53 79 33 32 96 224 
6 124 557 50 45 341 725 
6 97 663 47 22 131 700 
5 62 791 37 11 527 527 
4 28 20 19 12 41 97 
6 97 630 43 19 136 649 
6 127 520 49 35 150 783 
6 90 324 39 12 539 539 
4 57 170 32 19 36 264 
6 68 340 41 13 191 315 
5 44 779 28 35 227 329 
6 106 223 44 26 408 625 
6 65 69 34 28 95 242 
6 82 700 47 37 510 575 
7 104 326 42 20 641 659 
5 70 802 41 9 95 257 
5 84 281 41 9 99 558 
6 41 128 25 24 191 293 
6 57 812 36 12 175 203 
6 70 154 34 24 179 390 
5 31 21 19 28 47 96 
6 102 565 42 20 204 991 
5 64 361 35 14 151 607 
6 55 798 35 11 145 566 
5 49 797 33 44 144 419 
5 68 90 39 9 116 258 
5 61 194 36 33 203 408 
6 91 194 50 21 257 429 
6 107 581 54 26 154 575 
4 53 128 33 32 25 300 
5 104 209 48 16 183 515 
6 38 158 26 21 91 207 
6 133 511 58 36 725 899 
6 66 750 38 13 215 437 
6 68 90 37 13 257 292 
6 85 670 45 36 350 996 
6 130 501 56 22 601 917 
4 58 800 38 8 19 281 
6 89 721 45 11 286 515 
5 47 117 30 20 47 229 
5 107 663 53 15 80 646 
5 64 748 38 11 247 547 
5 34 25 22 22 92 100 
5 44 78 27 9 43 191 
6 121 457 63 10 491 623 
6 128 570 55 8 185 784 
4 79 128 39 14 17 385 
4 28 13 18 9 17 67 
5 67 783 39 8 251 413 
5 119 311 50 21 77 617 
4 30 24 19 9 14 79 
6 67 102 39 8 281 286 
4 22 8 14 26 13 61 
6 93 111 49 10 260 400 
6 56 94 35 25 188 269 
6 55 343 37 25 119 527 
5 47 792 35 32 39 563 
5 56 785 35 10 455 455 
4 38 61 25 8 19 149 
6 66 730 39 10 350 865 
5 82 59 42 9 86 239 
6 108 311 54 17 176 715 
6 95 159 52 11 269 462 
5 86 727 50 8 162 941 
4 42 33 27 25 24 123 
6 106 656 58 34 263 493 
6 65 247 36 22 443 443 
4 41 49 25 9 17 148 
3 3 1 2 13 12 13 
4 30 22 19 18 11 85 
6 89 137 46 8 281 404 
5 34 25 20 19 29 110 
7 119 289 56 28 119 687 
6 59 313 36 9 281 522 
4 33 44 23 8 23 107 
4 54 812 36 12 17 347 
6 106 593 50 8 498 696 
4 33 77 23 22 17 155 
6 57 46 35 41 224 224 
6 66 213 42 26 359 389 
5 121 504 53 22 553 798 
6 71 704 43 8 522 647 
5 36 163 26 18 44 126 
6 112 609 53 28 156 660 
6 81 234 45 15 240 384 
7 76 458 44 10 435 684 
5 10 2 8 43 36 43 
5 35 17 24 19 35 109 
5 71 302 39 11 119 580 
4 50 63 27 11 59 207 
5 55 283 39 14 140 451 
6 72 761 42 15 269 389 
4 56 70 32 15 12 191 
6 34 37 24 9 83 139 
6 125 559 52 9 340 779 
6 129 440 57 28 437 935 
5 53 128 33 34 203 294 
5 101 652 53 8 85 539 
7 130 529 56 23 665 960 
5 67 764 42 19 269 630 
5 59 796 34 10 119 524 
6 68 676 37 32 467 552 
5 109 192 51 26 126 545 
6 88 562 40 24 665 888 
6 94 667 54 25 269 642 
5 68 723 43 17 185 569 
5 15 6 10 21 38 43 
5 65 686 36 28 96 920 
6 110 638 59 44 41 491 
4 28 17 19 17 11 86 
6 89 646 48 20 167 659 
5 15 6 9 15 36 37 
6 125 285 56 22 138 681 
5 86 97 51 26 47 350 
6 82 109 42 34 89 354 
6 79 137 42 14 94 368 
6 88 730 53 12 467 527 
4 29 23 20 17 19 83 
4 5 3 3 25 11 25 
5 73 108 34 8 119 296 
5 39 30 23 16 95 130 
5 56 818 34 13 204 419 
6 117 423 48 10 539 755 
6 57 157 32 30 120 275 
6 129 277 53 30 335 597 
5 35 86 13 151 177 194 
1 1 0 1 0 20 20 
6 45 798 20 195 197 226 
4 28 48 14 13 119 128 
4 31 362 16 104 17 479 
5 19 69 10 23 125 125 
4 37 196 18 144 31 281 
6 50 108 20 203 125 285 
6 27 67 11 151 95 175 
6 40 757 20 144 203 902 
5 32 105 15 8 203 239 
6 31 280 17 130 221 419 
5 101 574 31 112 37 837 
6 34 436 21 124 215 221 
6 36 232 21 65 119 391 
5 70 243 25 23 96 510 
6 27 561 18 75 101 161 
3 16 22 7 9 27 75 
6 31 87 13 159 203 204 
6 68 338 22 121 267 660 
5 47 90 15 130 257 258 
6 95 580 31 187 123 810 
4 19 107 10 10 125 125 
6 44 87 17 125 271 301 
6 85 600 21 203 665 833 
6 85 631 27 109 95 570 
5 29 149 15 26 203 203 
5 31 69 14 120 47 172 
4 17 86 9 13 125 125 
7 88 300 22 186 425 582 
6 80 646 28 143 203 521 
6 39 76 15 108 229 229 
6 92 601 25 161 115 697 
5 58 243 19 209 486 486 
6 47 796 22 159 191 663 
6 50 123 21 190 127 305 
7 90 636 24 132 473 631 
5 60 371 20 20 204 654 
6 81 239 27 129 119 540 
6 58 752 22 105 95 347 
4 14 32 5 9 84 84 
6 41 762 16 171 521 614 
6 82 498 26 188 126 904 
6 79 214 28 235 122 539 
7 82 435 24 94 751 751 
6 45 267 22 177 188 457 
3 12 18 6 25 34 73 
6 55 734 21 165 119 984 
6 41 160 20 188 122 281 
2 3 5 1 6 25 25 
2 2 0 3 0 28 28 
6 43 375 21 121 343 497 
5 39 118 19 22 206 294 
6 87 233 27 132 96 556 
2 3 0 3 0 32 32 
6 41 68 19 185 197 210 
6 38 334 20 66 112 413 
6 55 724 21 195 125 955 
6 93 327 28 535 125 725 
6 86 638 24 41 125 990 
6 43 364 20 41 119 349 
6 37 73 17 158 217 217 
4 13 15 8 34 43 74 
5 37 792 20 20 265 912 
4 31 841 15 120 21 287 
3 13 11 8 29 38 67 
2 2 0 3 0 35 35 
4 24 40 12 9 121 130 
6 76 479 27 125 95 492 
6 91 625 27 146 185 610 
4 11 32 7 45 44 80 
6 85 352 23 130 329 671 
6 31 123 15 273 257 299 
6 36 62 16 199 122 199 
5 71 630 18 22 186 746 
5 38 806 21 17 119 353 
5 36 809 22 86 35 371 
3 6 16 3 5 17 37 
5 34 91 16 15 205 206 
5 41 92 20 18 200 257 
3 14 24 8 25 34 78 
6 54 94 22 139 119 265 
0 0 0 0 0 0 0 
5 92 553 28 415 94 953 
6 35 773 18 345 95 995 
6 65 688 23 355 122 573 
3 4 0 4 0 46 46 
1 2 0 2 0 13 18 
6 39 802 20 108 258 258 
6 97 528 30 117 95 842 
4 32 789 17 38 53 797 
3 13 26 6 11 25 71 
6 90 472 27 120 96 600 
5 71 678 23 145 239 758 
6 43 418 20 156 185 600 
6 69 217 25 180 120 436 
6 59 451 21 203 199 728 
3 7 78 3 14 25 49 
6 83 611 29 574 213 668 
6 34 777 14 429 95 519 
5 69 733 44 23 383 583 
6 59 238 43 22 233 321 
3 9 4 5 8 4 18 
5 43 21 29 9 41 110 
5 47 47 30 25 97 203 
6 127 546 62 10 174 692 
6 54 756 38 23 359 529 
4 19 8 13 21 36 55 
6 68 799 40 10 83 974 
6 102 346 50 15 143 715 
5 71 738 47 20 216 572 
6 95 591 41 24 269 806 
6 103 676 55 12 84 569 
5 47 152 37 25 138 287 
4 31 7 24 25 22 104 
4 85 109 43 43 29 358 
5 125 568 53 12 89 917 
6 86 710 48 15 162 324 
6 70 304 41 12 88 485 
5 53 48 29 26 107 169 
7 128 309 58 14 677 678 
5 30 19 19 15 84 92 
5 44 841 36 9 83 994 
6 59 72 35 30 179 258 
6 118 614 55 9 174 646 
6 121 411 53 14 341 880 
5 80 97 50 15 60 366 
5 75 139 39 18 88 351 
6 85 466 47 18 533 582 
6 79 414 41 14 86 626 
4 64 729 35 13 39 954 
6 69 259 46 8 228 408 
5 51 385 37 9 233 233 
6 59 773 40 9 149 482 
6 79 127 41 8 359 359 
4 71 698 41 24 35 741 
6 133 489 59 12 83 929 
7 106 585 49 13 236 994 
6 50 28 35 23 178 178 
6 58 772 39 8 240 537 
6 56 297 36 11 85 197 
6 38 31 25 35 137 138 
5 54 284 39 14 46 469 
4 27 12 19 20 43 78 
6 49 90 33 39 149 205 
5 98 224 51 16 89 615 
4 17 8 10 10 43 44 
5 60 283 42 12 83 317 
4 30 13 20 40 23 95 
6 98 600 49 37 457 642 
6 56 791 40 11 72 570 
7 108 194 52 22 359 528 
6 130 504 60 14 178 893 
6 92 180 47 18 239 451 
5 87 704 47 13 47 490 
5 43 42 29 9 119 168 
6 116 295 47 30 455 683 
6 116 490 48 59 263 831 
6 58 750 39 23 134 596 
7 128 537 53 17 575 977 
7 118 340 51 9 629 769 
6 105 595 54 13 389 713 
6 73 715 42 25 166 385 
7 101 309 49 12 467 491 
4 57 41 34 22 28 194 
4 14 7 9 14 36 36 
5 56 771 43 16 103 263 
5 84 111 37 32 86 361 
5 52 31 33 10 124 155 
5 71 744 44 11 95 456 
5 61 194 40 20 83 275 
6 106 580 42 12 137 993 
6 64 112 35 18 275 332 
6 52 805 36 15 84 324 
5 40 33 26 12 96 151 
6 75 100 43 12 267 323 
4 43 39 27 18 25 152 
6 120 526 53 14 287 906 
6 64 128 40 15 172 299 
6 55 175 36 16 335 373 
5 34 24 23 10 37 116 
6 132 579 66 10 101 676 
6 75 656 45 28 155 653 
6 70 132 44 8 59 293 
6 97 695 52 10 397 471 
7 111 611 56 13 402 554 
6 51 172 33 24 197 269 
4 21 13 15 17 35 64 
5 28 28 20 26 36 111 
5 28 14 18 34 47 84 
7 122 344 59 20 277 683 
5 11 2 9 29 37 37 
7 103 482 56 23 520 689 
6 93 657 49 20 215 477 
6 85 731 46 18 125 471 
5 69 101 37 13 83 291 
6 66 168 41 18 135 341 
6 77 82 45 16 300 300 
5 107 410 45 14 44 762 
6 78 354 40 18 186 390 
5 30 70 21 21 104 107 
6 55 88 32 27 103 268 
5 27 42 20 22 101 128 
7 100 530 38 30 671 826 
5 41 69 26 15 197 198 
5 43 793 27 24 84 336 
5 51 763 34 10 108 532 
6 31 53 21 18 102 148 
5 35 29 22 9 54 114 
5 79 111 36 22 85 360 
7 45 183 30 31 326 342 
6 81 506 33 19 557 599 
7 109 535 42 9 309 991 
5 26 54 20 18 46 111 
6 77 113 37 14 65 308 
5 24 26 16 17 84 91 
6 107 566 38 10 199 703 
6 44 69 21 16 84 198 
6 73 715 39 14 503 617 
5 38 61 20 14 83 155 
5 27 19 17 15 79 91 
4 21 16 14 9 43 62 
6 108 596 39 19 106 649 
7 66 80 34 10 197 260 
5 62 165 28 19 85 365 
4 36 40 23 8 48 135 
6 68 346 42 22 230 563 
6 60 721 33 22 438 522 
6 111 573 42 25 183 710 
6 90 611 36 16 91 952 
4 19 8 12 15 23 52 
6 43 71 25 14 103 235 
7 84 183 37 10 486 486 
5 33 23 23 28 138 138 
5 45 49 26 14 83 184 
7 65 711 35 31 177 395 
6 45 57 25 21 95 194 
4 9 4 6 20 31 31 
6 70 108 34 17 161 353 
6 87 666 40 16 245 530 
6 72 681 34 11 275 545 
6 67 92 33 8 65 290 
5 38 92 24 29 86 241 
6 85 407 39 28 245 428 
4 22 40 15 9 23 83 
5 31 57 21 27 111 169 
6 112 416 47 11 197 851 
6 43 117 28 16 59 259 
6 102 348 37 18 227 671 
6 84 684 45 26 413 665 
6 65 187 31 10 335 390 
5 31 179 25 20 105 133 
6 46 751 31 20 137 983 
6 91 627 39 36 162 634 
5 81 266 37 17 395 618 
6 78 323 38 8 474 597 
5 24 30 16 14 83 90 
5 26 12 16 8 78 84 
5 37 436 30 12 116 613 
6 63 731 36 23 252 479 
6 93 581 35 37 305 989 
4 29 26 21 18 29 119 
4 31 134 23 14 24 185 
6 105 389 37 9 221 774 
6 68 724 39 26 131 406 
4 24 21 16 14 31 94 
6 112 568 43 44 95 767 
7 95 305 43 18 282 672 
6 55 136 29 18 93 293 
5 38 200 28 14 86 372 
6 47 808 27 8 65 323 
3 9 3 6 9 2 17 
6 50 89 25 9 258 258 
6 53 401 32 16 83 570 
6 62 705 33 43 86 997 
6 107 528 40 8 73 938 
6 71 737 40 11 77 377 
6 54 96 28 13 102 247 
4 48 787 35 25 29 371 
5 29 53 21 15 77 137 
5 27 21 17 16 87 94 
5 41 74 20 22 149 215 
7 106 240 38 35 503 549 
6 34 45 21 9 146 154 
4 24 38 17 23 36 100 
6 61 694 32 41 491 571 
5 24 112 19 13 50 71 
5 34 27 25 8 68 127 
4 61 748 38 57 29 341 
5 44 134 24 13 269 269 
6 55 42 31 18 143 199 
4 23 17 17 24 35 103 
6 51 283 34 14 130 395 
5 72 153 34 30 84 357 
6 95 264 35 29 365 608 
6 36 277 25 10 100 215 
4 72 407 34 28 20 677 
7 108 263 44 31 521 695 
5 34 61 23 20 84 144 
6 63 71 33 9 185 246 
6 45 129 35 48 73 299 
5 23 12 15 15 40 67 
5 18 6 13 27 19 54 
5 27 23 17 19 17 80 
6 35 35 20 17 77 123 
6 64 655 49 24 132 548 
7 67 108 41 19 192 325 
5 27 60 23 24 18 91 
5 29 23 20 20 19 102 
5 27 11 22 29 50 113 
6 39 255 42 17 148 347 
6 29 22 20 18 71 73 
5 19 7 13 22 23 43 
4 6 3 3 11 19 19 
7 28 26 20 32 113 125 
6 47 64 26 43 131 222 
6 36 29 23 14 116 134 
6 39 103 25 18 149 221 
5 29 12 21 37 22 114 
4 13 16 11 18 35 85 
5 25 9 16 18 17 61 
5 14 3 11 33 32 43 
4 22 23 16 16 9 91 
6 35 42 21 26 119 171 
6 55 89 33 31 80 279 
5 21 10 17 34 30 70 
5 32 24 21 21 17 109 
6 47 145 35 14 170 207 
7 80 191 47 18 269 461 
5 20 15 14 14 29 73 
6 29 27 18 22 95 96 
5 31 135 27 31 18 161 
5 20 48 18 18 20 77 
6 50 73 28 22 83 218 
5 42 92 26 49 29 205 
5 34 14 23 26 23 115 
6 34 28 20 14 76 93 
6 43 60 25 9 98 216 
6 30 56 22 21 94 144 
6 32 29 21 20 132 132 
5 33 18 21 20 17 96 
6 30 25 18 19 96 97 
5 24 23 17 36 21 82 
5 22 11 14 20 17 73 
5 25 13 18 23 20 79 
6 45 47 26 15 75 155 
6 35 36 21 23 97 132 
6 44 54 26 18 131 168 
5 26 48 20 17 23 90 
6 51 92 32 42 143 257 
4 7 3 4 15 10 20 
3 14 27 12 11 9 56 
5 29 43 22 38 22 124 
6 31 21 19 25 75 114 
5 14 8 8 25 21 43 
5 27 11 19 21 17 72 
5 30 28 21 43 29 121 
6 52 58 33 30 78 203 
6 35 61 19 17 131 149 
6 42 149 33 17 281 281 
6 58 171 40 29 80 383 
5 10 3 7 24 17 31 
5 16 5 11 17 23 37 
6 35 83 24 22 145 205 
6 37 59 27 36 77 204 
5 7 2 5 19 18 19 
6 29 19 22 41 100 121 
5 14 7 10 33 20 44 
5 8 4 6 25 34 35 
5 26 25 17 18 88 95 
5 29 12 21 50 17 102 
5 38 22 24 24 23 111 
6 37 33 24 14 103 151 
5 35 24 23 14 27 132 
5 26 21 16 29 21 93 
5 33 27 23 16 17 120 
7 43 73 25 22 164 187 
5 22 7 16 13 60 71 
6 23 23 15 42 70 95 
6 30 16 18 29 95 102 
4 16 19 11 20 11 65 
6 66 98 40 18 81 302 
6 32 43 21 48 89 154 
5 27 34 20 28 25 119 
5 13 5 8 16 17 32 
6 45 49 30 20 143 187 
6 46 112 28 12 239 258 
6 28 54 21 23 97 121 
6 35 97 27 18 99 150 
6 25 64 18 15 106 125 
6 29 17 17 18 83 84 
6 41 50 33 41 54 191 
6 25 34 17 23 88 107 
4 5 1 4 6 19 19 
6 35 51 20 26 149 172 
5 14 6 9 22 19 38 
5 18 16 11 13 42 54 
5 11 4 8 14 17 26 
5 25 23 19 37 23 94 
6 45 34 29 26 111 163 