7 309 
3 114 
6 294 
7 407 
4 543 
7 341 
2 95 
7 341 
7 269 
7 289 
7 743 
7 358 
7 319 
6 253 
7 239 
0 0 
7 738 
2 138 
7 510 
7 366 
7 378 
7 491 
2 161 
7 491 
7 247 
7 504 
7 432 
7 324 
7 389 
7 491 
4 184 
7 335 
5 210 
7 501 
5 353 
7 887 
2 137 
7 498 
7 267 
7 485 
7 653 
3 209 
7 492 
5 442 
4 232 
7 614 
7 695 
5 233 
5 272 
7 493 
7 267 
7 239 
2 167 
7 245 
7 257 
7 545 
7 623 
7 396 
2 100 
7 215 
1 18 
5 277 
3 162 
7 468 
7 389 
7 275 
7 342 
7 503 
3 269 
2 43 
5 186 
7 599 
6 488 
7 311 
6 419 
4 179 
7 725 
7 449 
7 527 
1 41 
7 277 
7 389 
6 611 
3 264 
7 275 
7 443 
5 607 
3 95 
7 575 
6 659 
7 444 
7 364 
6 293 
7 311 
7 317 
3 96 
7 527 
7 303 
7 467 
7 419 
3 116 
5 408 
8 510 
8 287 
5 300 
7 515 
6 260 
8 725 
8 437 
5 284 
8 499 
8 851 
8 431 
8 606 
6 229 
8 623 
8 481 
3 92 
4 191 
8 564 
8 426 
3 215 
2 67 
8 504 
7 617 
1 14 
6 281 
1 13 
4 260 
4 188 
8 441 
8 444 
8 455 
3 149 
8 491 
3 86 
8 311 
8 287 
8 412 
1 24 
8 431 
6 443 
2 65 
1 12 
2 47 
7 387 
2 29 
7 431 
8 522 
2 45 
8 437 
8 696 
4 155 
5 224 
7 389 
8 754 
8 647 
5 233 
8 412 
8 299 
8 684 
2 36 
3 109 
8 498 
1 59 
8 426 
8 299 
3 191 
4 120 
8 340 
8 437 
5 294 
8 684 
7 665 
8 630 
8 438 
8 552 
7 539 
8 665 
8 642 
8 569 
3 42 
8 345 
8 557 
2 74 
8 443 
2 36 
8 509 
6 263 
7 354 
6 368 
8 527 
2 42 
1 11 
4 282 
2 95 
8 425 
6 755 
5 275 
6 335 
3 193 
1 20 
8 215 
3 119 
8 408 
5 125 
6 342 
7 245 
3 95 
8 420 
5 203 
8 444 
8 641 
8 383 
7 391 
8 218 
7 414 
3 68 
5 204 
8 515 
3 257 
8 279 
4 125 
5 301 
8 833 
8 262 
5 203 
4 171 
4 125 
8 484 
8 245 
6 229 
8 281 
5 486 
8 371 
8 305 
8 473 
8 329 
8 210 
8 263 
3 84 
8 521 
8 353 
8 212 
8 751 
8 457 
2 73 
8 444 
8 281 
0 0 
3 36 
8 497 
8 294 
8 263 
3 32 
7 210 
8 317 
8 251 
8 281 
8 408 
8 173 
6 217 
3 74 
8 281 
8 438 
3 67 
3 35 
3 121 
8 354 
8 259 
3 74 
7 671 
6 294 
5 122 
8 305 
8 353 
8 395 
2 37 
6 205 
8 259 
3 78 
8 265 
0 0 
8 323 
8 353 
8 311 
3 36 
2 18 
8 491 
8 347 
8 419 
2 71 
8 512 
8 486 
8 323 
6 342 
8 347 
2 41 
8 323 
8 317 
10 503 
8 414 
0 0 
2 41 
4 198 
10 359 
10 451 
1 36 
10 432 
10 390 
10 472 
10 389 
10 714 
8 341 
2 104 
3 213 
10 917 
10 245 
10 510 
3 162 
9 678 
2 84 
10 461 
9 214 
10 342 
10 845 
8 305 
4 268 
10 606 
10 440 
10 383 
10 408 
9 426 
10 524 
6 359 
10 425 
10 668 
10 509 
4 178 
10 461 
10 371 
5 138 
10 398 
2 78 
5 164 
9 599 
1 43 
10 505 
1 23 
10 642 
10 505 
10 359 
10 412 
7 409 
10 672 
6 168 
8 683 
10 774 
10 544 
10 751 
9 629 
10 713 
10 316 
9 539 
2 179 
1 36 
10 505 
5 281 
2 124 
10 473 
7 385 
10 408 
5 275 
10 413 
4 151 
5 267 
2 152 
10 906 
6 299 
9 335 
3 102 
10 322 
10 474 
10 342 
10 617 
10 402 
8 289 
1 35 
2 36 
2 47 
10 456 
2 37 
10 520 
10 396 
10 570 
4 200 
7 341 
5 300 
10 644 
10 371 
4 107 
4 245 
5 145 
10 726 
6 198 
10 473 
10 437 
5 102 
2 54 
6 321 
8 342 
10 678 
10 346 
5 145 
4 107 
2 84 
10 408 
3 84 
10 617 
2 83 
3 82 
1 43 
10 449 
5 197 
4 263 
4 113 
10 563 
10 438 
10 335 
10 377 
1 23 
5 212 
6 486 
2 138 
3 183 
10 413 
3 95 
1 31 
5 197 
10 324 
10 599 
5 82 
5 191 
10 305 
1 23 
4 140 
10 272 
8 259 
8 563 
10 665 
6 390 
7 257 
10 385 
10 456 
9 508 
9 597 
2 83 
2 78 
10 468 
10 558 
10 659 
3 120 
4 233 
10 317 
10 371 
1 31 
10 287 
10 301 
9 293 
8 327 
10 314 
0 0 
5 258 
10 462 
10 485 
10 516 
10 533 
6 247 
10 467 
4 156 
2 87 
4 215 
6 503 
5 147 
3 100 
10 629 
6 180 
4 145 
10 509 
5 269 
7 198 
2 103 
10 395 
6 348 
9 564 
8 341 
10 509 
10 521 
4 115 
9 246 
17 299 
4 67 
4 38 
4 55 
9 119 
34 676 
26 330 
8 138 
6 102 
9 113 
29 415 
7 79 
3 38 
1 19 
9 133 
10 179 
10 128 
13 227 
7 114 
4 85 
3 43 
2 32 
4 91 
11 167 
16 289 
6 65 
8 109 
21 300 
30 497 
4 73 
5 96 
17 235 
6 109 
13 205 
11 205 
7 115 
7 93 
10 216 
11 157 
5 132 
8 96 
6 97 
6 82 
4 65 
5 78 
12 155 
7 116 
10 167 
5 101 
18 257 
1 10 
5 71 
10 151 
8 114 
3 43 
6 72 
8 113 
18 210 
8 149 
18 319 
28 383 
2 17 
3 37 
13 205 
17 204 
2 18 
8 121 
2 20 
3 34 
7 95 
8 102 
8 107 
11 150 
8 132 
3 64 
6 103 
14 186 
5 75 
7 95 
5 95 
4 72 
25 307 
9 137 
8 119 
2 17 
14 182 
15 268 
9 150 
13 192 
9 151 
5 84 
18 199 
8 120 
2 19 
9 167 
2 19 
4 54 
2 17 
8 94 
15 162 