13.0 1213 1213 
0.0 98 30 
13.0 1173 1173 
13.0 569 569 
13.0 729 729 
13.0 549 549 
13.0 599 599 
13.0 1245 1245 
13.0 1389 1389 
13.0 1093 1093 
13.0 497 497 
13.0 1169 1169 
13.0 1361 1361 
9.0 480 480 
13.0 1649 1649 
13.0 322 322 
13.0 689 689 
13.0 1957 1957 
13.0 1453 1453 
1.0 80 22 
13.0 617 617 
13.0 993 993 
13.0 984 984 
13.0 402 402 
13.0 908 908 
13.0 825 825 
13.0 1289 1289 
13.0 1306 1306 
11.0 717 717 
13.0 761 761 
13.0 1701 1701 
13.0 1917 1917 
11.0 725 725 
13.0 1789 1789 
13.0 1541 1541 
13.0 595 595 
13.0 529 529 
13.0 1149 1149 
13.0 901 901 
11.0 1117 1117 
13.0 505 505 
13.0 591 591 
13.0 765 765 
13.0 1283 1283 
11.0 419 419 
13.0 895 895 
13.0 1733 1733 
13.0 594 594 
13.0 737 737 
13.0 1150 1150 
13.0 1203 1203 
13.0 1239 1239 
13.0 1610 1610 
13.0 470 470 
13.0 1398 1398 
6.0 224 222 
13.0 727 727 
13.0 345 345 
13.0 669 669 
13.0 1277 1277 
13.0 633 633 
13.0 737 737 
13.0 1313 1313 
13.0 522 522 
13.0 1501 1501 
11.0 558 558 
13.0 1745 1745 
13.0 1973 1973 
13.0 876 876 
13.0 1135 1135 
13.0 897 897 
13.0 1345 1345 
13.0 313 313 
1.0 152 89 
13.0 1191 1191 
13.0 573 573 
13.0 797 797 
13.0 1261 1261 
13.0 1486 1486 
13.0 1116 1116 
13.0 657 657 
13.0 1813 1813 
13.0 552 552 
13.0 757 757 
13.0 1073 1073 
13.0 908 908 
13.0 557 557 
13.0 609 609 
13.0 821 821 
13.0 546 546 
13.0 1194 1194 
13.0 273 273 
10.0 584 514 
-1.0 76 -1 
13.0 1177 1177 
13.0 429 429 
13.0 499 499 
13.0 1579 1579 
13.0 1249 1249 
13.0 745 745 
13.0 997 997 
13.0 462 462 
13.0 705 705 
13.0 817 817 
13.0 425 425 
13.0 973 973 
13.0 773 773 
13.0 933 933 
13.0 561 561 
13.0 969 969 
13.0 463 463 
13.0 525 525 
13.0 1407 1407 
11.0 1061 1061 
13.0 669 669 
13.0 1149 1149 
13.0 493 493 
13.0 1836 1836 
5.0 476 331 
13.0 1191 1191 
13.0 1505 1505 
11.0 365 365 
13.0 1257 1257 
13.0 762 762 
13.0 321 321 
13.0 573 573 
13.0 364 364 
11.0 661 661 
13.0 933 933 
13.0 413 413 
13.0 459 459 
13.0 980 980 
13.0 603 603 
13.0 733 733 
13.0 961 961 
13.0 739 739 
13.0 709 709 
13.0 881 881 
13.0 1439 1439 
13.0 975 975 
13.0 453 453 
13.0 462 462 
13.0 973 973 
13.0 1141 1141 
13.0 1680 1680 
-1.0 116 -1 
13.0 1141 1141 
13.0 327 327 
13.0 1325 1325 
13.0 1577 1577 
13.0 1413 1413 
1.0 44 44 
13.0 773 773 
13.0 518 518 
13.0 641 641 
13.0 985 985 
-1.0 20 -1 
13.0 1594 1594 
13.0 833 833 
13.0 1312 1312 
13.0 796 796 
13.0 1381 1381 
13.0 1365 1365 
13.0 1062 1062 
13.0 709 709 
13.0 1093 1093 
8.0 1152 296 
4.0 230 187 
13.0 1353 1353 
13.0 525 525 
11.0 1299 1299 
13.0 591 591 
13.0 1157 1157 
13.0 699 699 
13.0 457 457 
11.0 402 402 
13.0 1629 1629 
13.0 1493 1493 
13.0 579 579 
13.0 1567 1567 
13.0 1374 1374 
13.0 612 612 
13.0 549 549 
13.0 929 929 
13.0 881 881 
13.0 381 381 
13.0 508 508 
13.0 378 378 
13.0 1165 1165 
13.0 945 945 
13.0 1165 1165 
11.0 888 888 
13.0 545 545 
13.0 1773 1773 
10.0 868 457 
13.0 1426 1426 
13.0 806 806 
11.0 826 826 
5.0 286 181 
11.0 649 649 
11.0 997 997 
13.0 240 240 
13.0 1558 1558 
13.0 619 619 
13.0 727 727 
3.0 532 215 
13.0 795 795 
13.0 597 597 
5.0 118 94 
13.0 973 973 
13.0 1544 1544 
13.0 1383 1383 
11.0 317 317 
13.0 1661 1661 
13.0 1029 1029 
-1.0 48 -1 
13.0 455 455 
13.0 679 679 
13.0 1191 1191 
13.0 930 930 
13.0 619 619 
3.0 160 160 
13.0 1290 1290 
13.0 948 948 
13.0 1759 1759 
13.0 1952 1952 
13.0 1453 1453 
13.0 579 579 
13.0 1057 1057 
13.0 1872 1872 
13.0 605 605 
13.0 1070 1070 
13.0 618 618 
11.0 1581 1581 
3.0 112 101 
13.0 1379 1379 
13.0 547 547 
13.0 1371 1371 
6.0 384 115 
13.0 997 997 
13.0 1221 1221 
13.0 389 389 
13.0 1741 1741 
13.0 703 703 
13.0 703 703 
13.0 709 709 
13.0 1342 1342 
13.0 533 533 
9.0 815 815 
13.0 999 999 
13.0 941 941 
13.0 849 849 
13.0 1338 1338 
13.0 1317 1317 
13.0 789 789 
13.0 797 797 
13.0 1461 1461 
1.0 132 95 
13.0 1029 1029 
13.0 999 999 
13.0 737 737 
13.0 336 336 
11.0 674 674 
13.0 1829 1829 
13.0 501 501 
13.0 485 485 
13.0 1782 1782 
1.0 160 17 
13.0 1405 1405 
8.0 692 275 
13.0 533 533 
13.0 274 274 
13.0 1399 1399 
3.0 140 69 
13.0 751 751 
13.0 873 873 
13.0 1061 1061 
13.0 1510 1510 
13.0 1479 1479 
13.0 1419 1419 
13.0 619 619 
13.0 691 691 
13.0 1297 1297 
13.0 1077 1077 
13.0 685 685 
13.0 1077 1077 
10.0 1201 1201 
13.0 776 776 
13.0 1361 1361 
13.0 945 945 
13.0 693 693 
13.0 1069 1069 
3.0 384 141 
13.0 313 313 
13.0 1445 1445 
13.0 1597 1597 
11.0 789 789 
13.0 429 429 
13.0 1107 1107 
8.0 552 203 
15.0 1668 1668 
17.0 1857 1857 
18.0 2000 2000 
17.0 465 465 
17.0 1779 1779 
17.0 577 577 
17.0 923 923 
17.0 1061 1061 
17.0 526 526 
17.0 439 439 
17.0 757 757 
1.0 62 13 
17.0 1634 1634 
17.0 1325 1325 
17.0 1321 1321 
17.0 542 542 
17.0 933 933 
17.0 433 433 
17.0 1477 1477 
17.0 1347 1347 
17.0 465 465 
17.0 827 827 
15.0 1641 1641 
17.0 857 857 
17.0 893 893 
17.0 1099 1099 
17.0 635 635 
17.0 1902 1902 
17.0 426 426 
4.0 188 64 
17.0 513 513 
17.0 370 370 
17.0 362 362 
17.0 1545 1545 
17.0 1001 1001 
17.0 886 886 
17.0 1352 1352 
17.0 863 863 
17.0 1093 1093 
15.0 224 224 
17.0 357 357 
17.0 891 891 
17.0 1534 1534 
17.0 1801 1801 
17.0 699 699 
17.0 775 775 
17.0 1065 1065 
17.0 934 934 
17.0 715 715 
17.0 641 641 
17.0 400 400 
17.0 950 950 
17.0 531 531 
17.0 1168 1168 
17.0 954 954 
17.0 950 950 
17.0 1809 1809 
17.0 1065 1065 
17.0 505 505 
17.0 405 405 
15.0 569 569 
17.0 295 295 
17.0 411 411 
17.0 529 529 
17.0 827 827 
17.0 781 781 
17.0 869 869 
17.0 1207 1207 
17.0 1749 1749 
17.0 529 529 
17.0 1533 1533 
17.0 657 657 
17.0 966 966 
17.0 509 509 
17.0 1278 1278 
17.0 533 533 
15.0 427 427 
17.0 1633 1633 
17.0 1614 1614 
17.0 467 467 
17.0 358 358 
17.0 933 933 
17.0 1525 1525 
17.0 528 528 
17.0 893 893 
-1.0 20 -1 
17.0 497 497 
17.0 518 518 
17.0 1055 1055 
17.0 1727 1727 
17.0 737 737 
17.0 542 542 
17.0 473 473 
17.0 873 873 
17.0 753 753 
17.0 1001 1001 
17.0 971 971 
17.0 421 421 
17.0 437 437 
17.0 853 853 
12.0 496 496 
13.0 1767 1767 
13.0 1161 1161 
13.0 1605 1605 
10.0 512 311 
13.0 1225 1225 
2.0 42 25 
1.0 152 13 
13.0 947 947 
13.0 1873 1873 
13.0 687 687 
11.0 669 669 
13.0 807 807 
13.0 953 953 
13.0 741 741 
13.0 1917 1917 
13.0 869 869 
11.0 1057 1057 
11.0 1313 1313 
13.0 1453 1453 
13.0 329 329 
13.0 665 665 
13.0 913 913 
2.0 20 20 
13.0 1405 1405 
11.0 841 841 
11.0 649 649 
13.0 1893 1893 
13.0 401 401 
13.0 1714 1714 
11.0 148 148 
13.0 579 579 
13.0 1024 1024 
13.0 492 492 
13.0 789 789 
13.0 1169 1169 
13.0 1311 1311 
13.0 1309 1309 
13.0 1793 1793 
13.0 409 409 
13.0 1057 1057 
13.0 293 293 
-1.0 34 -1 
13.0 1241 1241 
10.0 404 404 
13.0 422 422 
13.0 1047 1047 
13.0 630 630 
13.0 376 376 
13.0 953 953 
13.0 1401 1401 
13.0 1775 1775 
13.0 781 781 
11.0 993 993 
13.0 573 573 
1.0 230 190 
13.0 1438 1438 
2.0 76 57 
1.0 80 80 
13.0 397 397 
2.0 146 20 
11.0 1689 1689 
13.0 777 777 
13.0 681 681 
13.0 1457 1457 
6.0 504 439 
13.0 795 795 
13.0 225 225 
13.0 745 745 
13.0 1193 1193 
13.0 1257 1257 
13.0 397 397 
13.0 1253 1253 
10.0 580 553 
13.0 1431 1431 
13.0 1357 1357 
13.0 653 653 
13.0 713 713 
13.0 1001 1001 
13.0 1377 1377 
13.0 1734 1734 
13.0 821 821 
4.0 332 306 
13.0 1181 1181 
13.0 1077 1077 
13.0 1291 1291 
13.0 360 360 
13.0 1601 1601 
11.0 1025 1025 
13.0 381 381 
13.0 601 601 
13.0 1361 1361 
13.0 895 895 
13.0 897 897 
13.0 251 251 
13.0 700 700 
13.0 1817 1817 
13.0 1480 1480 
6.0 558 558 
13.0 1038 1038 
10.0 438 438 
10.0 285 285 
10.0 409 409 
10.0 213 213 
10.0 325 325 
10.0 325 325 
10.0 770 770 
10.0 537 537 
10.0 429 429 
10.0 271 271 
10.0 416 416 
10.0 1709 1709 
10.0 488 488 
3.0 260 207 
10.0 205 205 
10.0 697 697 
10.0 1265 1265 
10.0 358 358 
10.0 388 388 
10.0 1189 1189 
10.0 473 473 
10.0 157 157 
10.0 437 437 
10.0 259 259 
10.0 258 258 
10.0 293 293 
10.0 1020 1020 
10.0 608 608 
10.0 549 549 
10.0 505 505 
10.0 281 281 
10.0 370 370 
10.0 1173 1173 
10.0 314 314 
10.0 408 408 
10.0 1209 1209 
10.0 202 202 
10.0 273 273 
10.0 409 409 
10.0 445 445 
10.0 809 809 
10.0 293 293 
10.0 931 931 
10.0 277 277 
10.0 412 412 
10.0 317 317 
10.0 492 492 
10.0 729 729 
10.0 689 689 
10.0 605 605 
10.0 386 386 
10.0 317 317 
10.0 609 609 
10.0 833 833 
10.0 253 253 
10.0 848 848 
10.0 185 185 
10.0 933 933 
1.0 80 64 
10.0 417 417 
10.0 165 165 
1.0 44 13 
10.0 1129 1129 
10.0 381 381 
10.0 245 245 
7.0 872 350 
10.0 461 461 
10.0 649 649 
10.0 421 421 
10.0 357 357 
10.0 259 259 
10.0 312 312 
10.0 701 701 
10.0 465 465 
10.0 655 655 
10.0 473 473 
10.0 643 643 
10.0 220 220 
10.0 469 469 
10.0 933 933 
10.0 446 446 
10.0 552 552 
10.0 904 904 
10.0 285 285 
10.0 738 738 
10.0 619 619 
10.0 537 537 
10.0 263 263 
10.0 510 510 
10.0 341 341 
10.0 973 973 
10.0 969 969 
10.0 589 589 
10.0 525 525 
10.0 541 541 
10.0 673 673 
10.0 347 347 
10.0 378 378 
10.0 797 797 
10.0 365 365 