7 557 
7 201 
7 265 
7 437 
7 467 
7 301 
7 450 
7 197 
7 277 
7 323 
7 389 
7 380 
7 241 
7 144 
7 238 
7 231 
7 365 
7 131 
7 188 
7 436 
7 221 
7 331 
7 326 
7 236 
7 244 
7 218 
7 333 
7 226 
7 293 
7 221 
7 156 
7 137 
7 212 
7 191 
7 230 
7 243 
7 229 
7 217 
7 259 
7 186 
7 180 
7 192 
7 270 
7 256 
7 336 
7 303 
7 201 
7 155 
7 234 
7 360 
7 432 
7 203 
7 281 
7 257 
7 480 
7 383 
7 380 
7 286 
7 378 
7 243 
7 300 
7 302 
7 515 
7 268 
7 413 
7 173 
7 180 
7 323 
6 163 
7 165 
7 179 
7 282 
7 164 
7 289 
7 227 
7 242 
7 242 
7 310 
7 269 
7 269 
7 211 
7 227 
7 179 
7 197 
7 268 
7 411 
7 288 
4 127 
7 162 
7 322 
7 321 
7 378 
7 228 
7 169 
7 260 
7 354 
7 383 
7 432 
7 140 
7 323 
8 417 
8 425 
8 442 
8 203 
8 261 
8 329 
8 269 
8 305 
8 244 
8 351 
8 200 
8 320 
8 347 
8 325 
8 207 
8 332 
8 387 
8 287 
8 372 
8 295 
8 266 
8 180 
8 164 
8 215 
8 257 
8 184 
8 349 
8 353 
8 252 
8 210 
8 391 
8 303 
8 182 
8 233 
8 395 
8 176 
8 321 
8 559 
8 306 
8 216 
8 320 
8 232 
8 330 
8 330 
8 333 
8 263 
8 325 
8 424 
8 407 
8 185 
8 415 
8 344 
8 229 
8 276 
8 310 
8 263 
8 243 
8 339 
8 245 
3 37 
8 212 
8 353 
8 215 
8 413 
8 267 
8 206 
8 274 
8 288 
8 298 
8 262 
8 227 
8 323 
8 235 
8 283 
8 294 
8 225 
8 290 
8 354 
8 326 
8 317 
8 462 
8 161 
8 300 
8 200 
8 400 
8 335 
8 361 
8 233 
8 594 
8 239 
8 197 
8 169 
8 272 
8 519 
8 203 
8 371 
8 206 
8 387 
8 385 
8 291 
8 413 
8 236 
8 305 
8 166 
8 329 
8 467 
8 167 
8 139 
8 146 
8 192 
8 131 
8 418 
8 215 
8 246 
8 258 
8 152 
8 460 
8 151 
8 414 
8 281 
8 272 
8 332 
8 210 
8 151 
8 251 
8 104 
8 285 
8 259 
8 382 
8 332 
8 135 
8 186 
8 228 
8 501 
8 460 
8 134 
8 341 
8 319 
8 246 
8 215 
8 306 
8 141 
8 187 
8 202 
4 67 
8 198 
8 192 
8 341 
8 137 
8 195 
8 304 
8 185 
8 211 
8 160 
8 211 
8 131 
8 111 
8 263 
8 284 
8 328 
8 370 
8 95 
8 167 
8 168 
8 181 
8 221 
8 107 
8 262 
8 249 
8 191 
8 204 
8 431 
8 167 
8 164 
8 233 
8 210 
8 355 
8 375 
8 373 
8 173 
8 312 
8 467 
8 232 
8 170 
8 152 
8 158 
8 203 
8 137 
8 234 
8 333 
8 432 
8 270 
8 282 
8 280 
8 228 
8 247 
8 293 
8 351 
8 258 
8 233 
10 231 
10 533 
10 373 
10 340 
10 205 
10 339 
10 290 
10 647 
10 293 
10 388 
10 320 
10 639 
10 637 
10 498 
10 229 
10 737 
10 527 
10 239 
10 482 
10 284 
10 402 
10 245 
10 431 
10 322 
10 311 
10 309 
10 501 
10 328 
10 347 
10 269 
10 272 
10 377 
10 309 
9 391 
10 249 
10 617 
10 275 
10 209 
10 226 
10 292 
10 486 
10 414 
10 343 
10 365 
10 539 
10 323 
10 395 
3 73 
10 331 
10 264 
10 225 
10 450 
10 538 
10 178 
10 322 
10 312 
10 284 
10 269 
10 332 
10 323 
10 417 
10 486 
10 398 
10 307 
10 372 
10 401 
10 491 
10 326 
10 387 
10 314 
10 472 
10 385 
10 448 
10 347 
10 462 
10 302 
10 383 
10 403 
10 227 
10 517 
10 267 
10 305 
10 335 
10 408 
10 225 
10 335 
9 319 
10 381 
10 233 
10 239 
10 363 
10 443 
10 343 
10 420 
10 240 
10 365 
10 204 
10 281 
10 311 
10 240 
10 557 
10 337 
10 300 
10 221 
10 406 
10 287 
10 305 
10 267 
10 244 
10 327 
10 289 
10 403 
10 318 
10 260 
10 431 
10 355 
10 227 
10 198 
10 344 
10 258 
10 371 
10 383 
10 251 
10 239 
10 377 
10 501 
10 257 
10 227 
10 248 
10 343 
10 316 
10 273 
10 287 
10 264 
10 251 
10 220 
10 300 
10 390 
10 312 
10 371 
10 288 
10 264 
10 327 
10 311 
10 410 
10 531 
10 287 
10 263 
10 215 
10 227 
10 328 
10 338 
10 217 
10 269 
10 339 
10 432 
10 222 
10 632 
10 305 
10 416 
10 376 
10 293 
10 280 
10 278 
10 267 
10 444 
10 219 
10 239 
10 324 
10 266 
10 334 
10 312 
10 311 
10 167 
10 336 
10 463 
10 281 
10 402 
10 371 
10 405 
10 241 
10 214 
10 266 
10 196 
10 432 
10 419 
10 305 
10 264 
10 417 
10 228 
10 336 
10 540 
10 331 
10 397 
10 542 
10 420 
10 386 
10 335 
10 203 
10 517 
34 533 
34 511 
34 786 
34 534 
34 583 
34 483 
34 589 
34 555 
34 695 
34 875 
34 575 
34 428 
34 697 
34 869 
33 733 
34 509 
34 617 
34 474 
34 605 
34 630 
34 696 
34 517 
8 71 
34 445 
34 607 
34 581 
34 728 
27 347 
34 407 
34 647 
11 92 
34 713 
34 632 
34 737 
34 521 
10 91 
34 775 
34 611 
34 635 
34 529 
34 527 
34 635 
34 489 
34 467 
34 781 
34 608 
34 587 
34 486 
34 750 
34 564 
34 850 
34 594 
34 664 
32 595 
34 755 
34 813 
34 564 
34 629 
34 526 
34 514 
34 577 
34 899 
34 985 
34 431 
34 557 
34 663 
34 589 
34 635 
34 669 
34 879 
34 433 
34 616 
32 788 
34 495 
34 519 
34 535 
34 452 
34 595 
34 561 
34 455 
34 486 
34 471 
19 181 
34 666 
34 794 
34 389 
7 103 
34 701 
34 546 
34 608 
34 431 
34 690 
34 542 
34 664 
34 563 
34 601 
34 489 
34 642 
34 606 
34 401 