280 1.0 875 
280 1.0 650 
280 1.0 927 
280 1.0 735 
263 0.9392857142857143 553 
280 1.0 794 
280 1.0 876 
278 0.9928571428571429 647 
156 0.5571428571428572 276 
280 1.0 777 
280 1.0 760 
280 1.0 789 
280 1.0 651 
280 1.0 883 
280 1.0 760 
278 0.9928571428571429 1000 
280 1.0 910 
279 0.9964285714285714 665 
280 1.0 922 
280 1.0 805 
280 1.0 748 
280 1.0 928 
280 1.0 863 
280 1.0 621 
280 1.0 841 
280 1.0 924 
280 1.0 953 
280 1.0 727 
277 0.9892857142857143 759 
280 1.0 881 
280 1.0 719 
280 1.0 695 
280 1.0 736 
280 1.0 843 
280 1.0 807 
279 0.9964285714285714 734 
280 1.0 628 
279 0.9964285714285714 765 
280 1.0 628 
280 1.0 837 
280 1.0 871 
280 1.0 759 
280 1.0 688 
280 1.0 777 
279 0.9964285714285714 603 
278 0.9928571428571429 686 
280 1.0 982 
280 1.0 759 
280 1.0 888 
280 1.0 758 
280 1.0 917 
279 0.9964285714285714 823 
280 1.0 724 
280 1.0 799 
280 1.0 787 
280 1.0 677 
280 1.0 670 
280 1.0 651 
279 0.9964285714285714 782 
276 0.9857142857142858 614 
280 1.0 871 
280 1.0 826 
280 1.0 772 
277 0.9892857142857143 499 
280 1.0 560 
265 0.9464285714285714 587 
280 1.0 654 
280 1.0 791 
93 0.33214285714285713 162 
263 0.9392857142857143 562 
280 1.0 740 
280 1.0 794 
280 1.0 587 
280 1.0 749 
280 1.0 694 
280 1.0 798 
280 1.0 808 
279 0.9964285714285714 921 
280 1.0 731 
280 1.0 785 
280 1.0 636 
279 0.9964285714285714 977 
280 1.0 769 
279 0.9964285714285714 627 
279 0.9964285714285714 809 
280 1.0 831 
280 1.0 617 
79 0.28214285714285714 126 
280 1.0 963 
280 1.0 873 
280 1.0 924 
280 1.0 615 
279 0.9964285714285714 541 
280 1.0 890 
280 1.0 653 
280 1.0 817 
279 0.9964285714285714 561 
280 1.0 742 
280 1.0 857 
279 0.9964285714285714 960 
280 1.0 827 
280 1.0 876 
280 1.0 792 
280 1.0 930 
280 1.0 872 
280 1.0 819 
280 1.0 901 
280 1.0 920 
280 1.0 730 
279 0.9964285714285714 924 
280 1.0 715 
280 1.0 796 
280 1.0 814 
280 1.0 959 
280 1.0 859 
280 1.0 724 
280 1.0 961 
280 1.0 648 
280 1.0 957 
280 1.0 886 
280 1.0 740 
280 1.0 663 
280 1.0 786 
280 1.0 859 
280 1.0 832 
275 0.9821428571428571 893 
280 1.0 859 
279 0.9964285714285714 912 
280 1.0 733 
277 0.9892857142857143 931 
280 1.0 764 
280 1.0 893 
280 1.0 934 
280 1.0 606 
278 0.9928571428571429 798 
280 1.0 806 
280 1.0 774 
280 1.0 927 
280 1.0 693 
278 0.9928571428571429 673 
280 1.0 883 
280 1.0 568 
280 1.0 845 
280 1.0 692 
280 1.0 768 
280 1.0 837 
280 1.0 809 
280 1.0 854 
280 1.0 986 
278 0.9928571428571429 713 
280 1.0 617 
280 1.0 805 
280 1.0 704 
280 1.0 833 
280 1.0 943 
280 1.0 917 
280 1.0 901 
278 0.9928571428571429 716 
280 1.0 710 
24 0.08571428571428572 36 
280 1.0 818 
280 1.0 895 
280 1.0 876 
280 1.0 852 
280 1.0 740 
280 1.0 736 
280 1.0 948 
280 1.0 920 
279 0.9964285714285714 578 
280 1.0 646 
280 1.0 810 
280 1.0 693 
280 1.0 976 
280 1.0 720 
280 1.0 867 
280 1.0 683 
275 0.9821428571428571 680 
280 1.0 987 
280 1.0 888 
280 1.0 911 
280 1.0 891 
280 1.0 825 
278 0.9928571428571429 618 
280 1.0 884 
280 1.0 580 
279 0.9964285714285714 599 
280 1.0 771 
280 1.0 857 
280 1.0 721 
280 1.0 941 
280 1.0 860 
280 1.0 832 
280 1.0 704 
280 1.0 941 
280 1.0 841 
280 1.0 783 
280 1.0 808 
280 1.0 633 
276 0.9857142857142858 814 
280 1.0 930 
280 1.0 794 
280 1.0 581 
280 1.0 636 
280 1.0 538 
280 1.0 841 
280 1.0 951 
280 1.0 690 
280 1.0 908 
280 1.0 736 
280 1.0 602 
280 1.0 566 
280 1.0 724 
280 1.0 580 
280 1.0 671 
280 1.0 801 
280 1.0 528 
280 1.0 608 
280 1.0 545 
280 1.0 855 
280 1.0 688 
280 1.0 810 
280 1.0 634 
280 1.0 511 
280 1.0 840 
280 1.0 749 
280 1.0 629 
280 1.0 691 
279 0.9964285714285714 955 
280 1.0 821 
280 1.0 691 
279 0.9964285714285714 751 
278 0.9928571428571429 933 
280 1.0 785 
280 1.0 621 
280 1.0 920 
262 0.9357142857142857 626 
280 1.0 609 
279 0.9964285714285714 1000 
279 0.9964285714285714 511 
280 1.0 646 
280 1.0 850 
280 1.0 968 
280 1.0 737 
280 1.0 950 
50 0.17857142857142858 66 
280 1.0 581 
280 1.0 592 
280 1.0 942 
279 0.9964285714285714 753 
280 1.0 689 
278 0.9928571428571429 708 
280 1.0 553 
280 1.0 792 
279 0.9964285714285714 528 
280 1.0 617 
280 1.0 786 
280 1.0 760 
280 1.0 637 
280 1.0 861 
280 1.0 554 
280 1.0 547 
280 1.0 765 
280 1.0 738 
276 0.9857142857142858 619 
280 1.0 838 
280 1.0 784 
280 1.0 991 
280 1.0 733 
280 1.0 874 
280 1.0 798 
275 0.9821428571428571 565 
278 0.9928571428571429 722 
280 1.0 742 
280 1.0 621 
280 1.0 683 
280 1.0 694 
280 1.0 609 
280 1.0 951 
280 1.0 796 
280 1.0 927 
280 1.0 691 
280 1.0 586 
280 1.0 763 
280 1.0 733 
278 0.9928571428571429 693 
280 1.0 859 
280 1.0 626 
280 1.0 617 
280 1.0 714 
280 1.0 723 
279 0.9964285714285714 760 
280 1.0 576 
280 1.0 876 
276 0.9857142857142858 620 
280 1.0 796 
280 1.0 586 
280 1.0 661 
280 1.0 935 
279 0.9964285714285714 685 
280 1.0 771 
280 1.0 818 
280 1.0 851 
280 1.0 810 
279 0.9964285714285714 922 
280 1.0 791 
280 1.0 942 
279 0.9964285714285714 993 
280 1.0 830 
279 0.9964285714285714 863 
280 1.0 820 
280 1.0 723 
280 1.0 737 
280 1.0 821 
280 1.0 674 
280 1.0 899 
280 1.0 973 
280 1.0 648 
280 1.0 775 
269 0.9607142857142857 608 
279 0.9964285714285714 859 
280 1.0 926 
280 1.0 828 
280 1.0 716 
280 1.0 725 
280 1.0 768 
280 1.0 959 
280 1.0 888 
279 0.9964285714285714 722 
280 1.0 739 
280 1.0 884 
280 1.0 703 
280 1.0 877 
280 1.0 673 
170 0.6071428571428571 379 
276 0.9857142857142858 844 
279 0.9964285714285714 981 
269 0.9607142857142857 519 
280 1.0 984 
280 1.0 694 
280 1.0 603 
279 0.9964285714285714 807 
280 1.0 682 
280 1.0 701 
280 1.0 675 
280 1.0 825 
280 1.0 785 
280 1.0 791 
45 0.16071428571428573 72 
277 0.9892857142857143 945 
280 1.0 796 
280 1.0 918 
280 1.0 811 
280 1.0 794 
278 0.9928571428571429 783 
280 1.0 782 
275 0.9821428571428571 628 
280 1.0 799 
280 1.0 577 
280 1.0 874 
280 1.0 723 
280 1.0 831 
280 1.0 792 
280 1.0 712 
279 0.9964285714285714 713 
280 1.0 807 
280 1.0 846 
280 1.0 936 
280 1.0 781 
280 1.0 748 
280 1.0 982 
280 1.0 671 
280 1.0 702 
280 1.0 885 
280 1.0 784 
280 1.0 734 
280 1.0 697 
280 1.0 696 
279 0.9964285714285714 773 
279 0.9964285714285714 998 
279 0.9964285714285714 722 
280 1.0 792 
280 1.0 741 
279 0.9964285714285714 733 
280 1.0 791 
280 1.0 820 
280 1.0 641 
178 0.6357142857142857 318 
280 1.0 967 
280 1.0 917 
280 1.0 678 
280 1.0 771 
280 1.0 773 
280 1.0 947 
275 0.9821428571428571 917 
279 0.9964285714285714 784 
279 0.9964285714285714 798 
280 1.0 877 
279 0.9964285714285714 740 
280 1.0 722 
279 0.9964285714285714 804 
280 1.0 759 
280 1.0 847 
280 1.0 808 
271 0.9678571428571429 659 
280 1.0 709 
280 1.0 750 
280 1.0 964 
279 0.9964285714285714 781 
280 1.0 673 
280 1.0 772 
278 0.9928571428571429 778 
280 1.0 607 
280 1.0 816 
280 1.0 797 
280 1.0 724 
280 1.0 911 
280 1.0 654 
280 1.0 765 
280 1.0 630 
280 1.0 790 
279 0.9964285714285714 646 
280 1.0 551 
276 0.9857142857142858 847 
279 0.9964285714285714 611 
279 0.9964285714285714 989 
280 1.0 669 
280 1.0 958 
280 1.0 880 
280 1.0 686 
280 1.0 931 
279 0.9964285714285714 764 
280 1.0 883 
279 0.9964285714285714 786 
280 1.0 691 
280 1.0 770 
280 1.0 646 
280 1.0 791 
280 1.0 959 
279 0.9964285714285714 632 
280 1.0 987 
280 1.0 998 
280 1.0 972 
280 1.0 764 
280 1.0 648 
280 1.0 656 
280 1.0 588 
279 0.9964285714285714 714 
280 1.0 605 
280 1.0 717 
280 1.0 915 
280 1.0 814 
280 1.0 787 
280 1.0 910 
280 1.0 541 
280 1.0 827 
275 0.9821428571428571 970 
280 1.0 677 
280 1.0 837 
280 1.0 954 
280 1.0 936 
280 1.0 819 
280 1.0 868 
280 1.0 728 
280 1.0 886 
280 1.0 696 
280 1.0 974 
280 1.0 847 
279 0.9964285714285714 817 
280 1.0 752 
194 0.6928571428571428 372 
280 1.0 946 
279 0.9964285714285714 708 
280 1.0 621 
277 0.9892857142857143 649 
280 1.0 802 
280 1.0 694 
280 1.0 899 
280 1.0 734 
280 1.0 810 
279 0.9964285714285714 993 
280 1.0 834 
280 1.0 832 
280 1.0 871 
279 0.9964285714285714 756 
279 0.9964285714285714 576 
280 1.0 868 
280 1.0 748 
280 1.0 923 
280 1.0 659 
280 1.0 795 
280 1.0 698 
280 1.0 844 
279 0.9964285714285714 859 
280 1.0 799 
280 1.0 687 
280 1.0 705 
279 0.9964285714285714 941 
280 1.0 713 
278 0.9928571428571429 661 
280 1.0 829 
280 1.0 904 
278 0.9928571428571429 761 
280 1.0 919 
280 1.0 772 
280 1.0 779 
280 1.0 887 
267 0.9535714285714286 1000 
279 0.9964285714285714 853 
278 0.9928571428571429 861 
280 1.0 892 
280 1.0 966 
280 1.0 745 
280 1.0 905 
280 1.0 874 
280 1.0 922 
280 1.0 952 
280 1.0 973 
280 1.0 848 
274 0.9785714285714285 678 
280 1.0 714 
280 1.0 830 
280 1.0 975 
36 0.12857142857142856 81 
280 1.0 769 
279 0.9964285714285714 711 
280 1.0 778 
277 0.9892857142857143 774 
185 0.6607142857142857 366 
280 1.0 795 
280 1.0 845 
40 0.14285714285714285 91 
280 1.0 840 
280 1.0 899 
280 1.0 940 
280 1.0 848 
48 0.17142857142857143 90 
280 1.0 722 
277 0.9892857142857143 760 
278 0.9928571428571429 901 
279 0.9964285714285714 873 
280 1.0 718 
276 0.9857142857142858 766 
280 1.0 887 
280 1.0 840 
280 1.0 890 
280 1.0 957 
279 0.9964285714285714 824 
280 1.0 975 
280 1.0 988 
280 1.0 829 
280 1.0 853 
280 1.0 898 
279 0.9964285714285714 816 
211 0.7535714285714286 578 
280 1.0 857 
278 0.9928571428571429 908 
280 1.0 778 
280 1.0 929 
280 1.0 948 
256 0.9142857142857143 643 
277 0.9892857142857143 898 
277 0.9892857142857143 912 
280 1.0 727 
280 1.0 743 
280 1.0 803 
280 1.0 953 
280 1.0 936 
280 1.0 895 
280 1.0 931 
280 1.0 743 
280 1.0 863 
280 1.0 843 
280 1.0 839 
276 0.9857142857142858 731 
280 1.0 989 
280 1.0 773 
280 1.0 811 
280 1.0 811 
279 0.9964285714285714 907 
280 1.0 930 
280 1.0 903 
280 1.0 901 
69 0.24642857142857144 180 
280 1.0 780 
279 0.9964285714285714 900 
279 0.9964285714285714 863 
46 0.16428571428571428 98 
278 0.9928571428571429 955 
278 0.9928571428571429 878 
280 1.0 831 
275 0.9821428571428571 843 
280 1.0 966 
280 1.0 864 
280 1.0 769 
280 1.0 869 
280 1.0 718 
280 1.0 789 
256 0.9142857142857143 674 
280 1.0 728 
280 1.0 666 