43.0 1913 1913 
33.0 1452 1452 
37.0 1508 1508 
44.0 1561 1561 
41.0 1834 1834 
34.0 1490 1490 
33.0 1683 1683 
37.0 1932 1932 
38.0 990 990 
38.0 2000 2000 
42.0 1956 1956 
37.0 1936 1936 
20.0 1332 1332 
41.0 1689 1689 
32.0 1476 1476 
36.0 1329 1329 
37.0 1552 1552 
30.0 996 996 
43.0 1932 1932 
40.0 1557 1557 
39.0 1934 1934 
43.0 1251 1251 
29.0 1664 1664 
40.0 1848 1848 
28.0 1757 1757 
42.0 1433 1433 
36.0 1762 1762 
35.0 1232 1232 
28.0 1345 1345 
31.0 1500 1500 
38.0 1616 1616 
40.0 1740 1740 
37.0 1658 1658 
41.0 1343 1343 
36.0 1968 1968 
39.0 1908 1908 
29.0 1344 1344 
27.0 1976 1976 
30.0 916 916 
33.0 1264 1264 
43.0 1728 1728 
41.0 1726 1726 
44.0 1707 1707 
21.0 962 962 
37.0 1462 1462 
28.0 1785 1785 
34.0 1380 1380 
30.0 1884 1884 
34.0 1471 1471 
34.0 1633 1633 
37.0 1498 1498 
37.0 1729 1729 
43.0 1796 1796 
39.0 1576 1576 
40.0 1260 1260 
37.0 1816 1816 
41.0 1883 1883 
41.0 1780 1780 
39.0 1696 1696 
43.0 1688 1688 
27.0 1068 1068 
28.0 1656 1656 
41.0 1501 1501 
28.0 1013 1013 
17.0 930 930 
39.0 1823 1823 
42.0 1267 1267 
39.0 1564 1564 
30.0 1672 1672 
30.0 847 847 
39.0 1816 1816 
41.0 1774 1774 
28.0 1088 1088 
35.0 1976 1976 
26.0 1908 1908 
30.0 1284 1284 
43.0 1832 1832 
36.0 1236 1236 
32.0 1769 1769 
41.0 1520 1520 
40.0 1858 1858 
33.0 1312 1312 
31.0 1516 1516 
35.0 1792 1792 
29.0 1150 1150 
33.0 1526 1526 
36.0 1213 1213 
28.0 1880 1880 
40.0 1484 1484 
37.0 1777 1777 
35.0 1566 1566 
35.0 1996 1996 
33.0 1367 1367 
29.0 940 940 
39.0 1835 1835 
35.0 1686 1686 
35.0 1952 1952 
40.0 1829 1829 
38.0 1484 1484 
36.0 1875 1875 
29.0 1283 1283 
42.0 1938 1938 
42.0 1790 1790 
29.0 1280 1280 
36.0 1540 1540 
34.0 1748 1748 
44.0 1527 1527 
44.0 1400 1400 
35.0 1756 1756 
36.0 944 944 
27.0 1778 1778 
30.0 1020 1020 
35.0 1215 1215 
44.0 1916 1916 
36.0 1852 1852 
33.0 2000 2000 
41.0 1895 1895 
27.0 1682 1682 
35.0 1808 1808 
33.0 1888 1888 
31.0 2000 2000 
42.0 1736 1736 
40.0 1940 1940 
45.0 1997 1997 
37.0 1874 1874 
36.0 1057 1057 
34.0 1542 1542 
42.0 1364 1364 
37.0 1225 1225 
27.0 868 868 
42.0 1980 1980 
26.0 1558 1558 
31.0 1958 1958 
33.0 1801 1801 
40.0 1594 1594 
44.0 1937 1937 
33.0 1239 1239 
41.0 1988 1988 
45.0 1744 1744 
32.0 1900 1900 
41.0 1991 1991 
28.0 1612 1612 
21.0 1980 1980 
43.0 1874 1874 
44.0 1704 1704 
35.0 1964 1964 
36.0 1984 1984 
41.0 1468 1468 
32.0 1864 1864 
28.0 1370 1370 
29.0 1480 1480 
41.0 1620 1620 
37.0 1820 1820 
35.0 1872 1872 
42.0 1816 1816 
13.0 1820 1820 
32.0 1188 1188 
35.0 1453 1453 
34.0 1450 1450 
37.0 1624 1624 
42.0 1632 1632 
27.0 1836 1836 
35.0 1883 1883 
34.0 1791 1791 
39.0 1794 1794 
34.0 1408 1408 
37.0 1072 1072 
41.0 1649 1649 
32.0 1486 1486 
41.0 1824 1824 
43.0 1796 1796 
30.0 1676 1676 
32.0 1744 1744 
35.0 1898 1898 
32.0 1796 1796 
29.0 1821 1821 
43.0 1977 1977 
38.0 1145 1145 
37.0 1924 1924 
37.0 1788 1788 
29.0 1764 1764 
26.0 1748 1748 
40.0 1642 1642 
43.0 1916 1916 
27.0 948 948 
32.0 1792 1792 
40.0 1796 1796 
42.0 1828 1828 
44.0 1748 1748 
26.0 1827 1827 
27.0 1590 1590 
38.0 1956 1956 
34.0 1511 1511 
30.0 1966 1966 
43.0 1582 1582 
38.0 1801 1801 
29.0 816 816 
34.0 1960 1960 
35.0 1456 1456 
37.0 1676 1676 
49.0 1831 1831 
56.0 1952 1952 
47.0 1857 1857 
58.0 1872 1872 
53.0 1732 1732 
53.0 1648 1648 
53.0 1648 1648 
51.0 1272 1272 
55.0 2000 2000 
55.0 1840 1840 
55.0 1690 1690 
42.0 1943 1943 
52.0 1412 1412 
50.0 1839 1839 
47.0 1916 1916 
50.0 1996 1996 
53.0 1644 1644 
49.0 1856 1856 
42.0 1480 1480 
47.0 1520 1520 
49.0 1936 1936 
58.0 1940 1940 
48.0 1855 1855 
53.0 1952 1952 
37.0 1920 1920 
48.0 1984 1984 
55.0 1565 1565 
50.0 1841 1841 
50.0 1714 1714 
53.0 1928 1928 
54.0 1961 1961 
46.0 1500 1500 
57.0 1708 1708 
55.0 1998 1998 
49.0 1960 1960 
56.0 1722 1722 
56.0 1880 1880 
50.0 1528 1528 
49.0 1921 1921 
51.0 1912 1912 
53.0 1424 1424 
49.0 1737 1737 
58.0 2000 2000 
49.0 1936 1936 
56.0 1870 1870 
51.0 1500 1500 
55.0 1805 1805 
48.0 1968 1968 
46.0 1852 1852 
54.0 2000 2000 
51.0 1607 1607 
54.0 1380 1380 
48.0 1260 1260 
53.0 1676 1676 
50.0 1985 1985 
60.0 1910 1910 
57.0 1995 1995 
61.0 1552 1552 
43.0 1921 1921 
51.0 1421 1421 
47.0 1070 1070 
50.0 1892 1892 
52.0 2000 2000 
55.0 1967 1967 
38.0 1976 1976 
53.0 1880 1880 
53.0 1984 1984 
54.0 1697 1697 
49.0 1612 1612 
52.0 1678 1678 
56.0 1715 1715 
52.0 1345 1345 
52.0 1866 1866 
49.0 1688 1688 
49.0 1816 1816 
47.0 1964 1964 
51.0 1947 1947 
46.0 1952 1952 
55.0 1750 1750 
44.0 1864 1864 
53.0 1620 1620 
56.0 1980 1980 
56.0 2000 2000 
54.0 1565 1565 
53.0 1927 1927 
54.0 1886 1886 
47.0 1833 1833 
50.0 1960 1960 
51.0 1852 1852 
56.0 1940 1940 
51.0 1238 1238 
48.0 1956 1956 
48.0 1806 1806 
54.0 1538 1538 
50.0 1983 1983 
52.0 1986 1986 
52.0 1236 1236 
49.0 1931 1931 
56.0 1637 1637 
48.0 1964 1964 
8.0 1441 1441 
9.0 1276 1276 
14.0 1995 1995 
13.0 1833 1833 
10.0 920 920 
10.0 1199 1199 
13.0 1770 1770 
11.0 900 900 
14.0 1714 1714 
13.0 1464 1464 
11.0 1356 1356 
2.0 1869 1869 
12.0 1356 1356 
13.0 1720 1720 
10.0 853 853 
12.0 1909 1909 
13.0 1444 1444 
11.0 1791 1791 
11.0 1920 1920 
10.0 1861 1861 
12.0 1092 1092 
9.0 1848 1848 
11.0 1908 1908 
14.0 1906 1906 
13.0 1622 1622 
11.0 1044 1044 
12.0 1176 1176 
11.0 1039 1039 
13.0 1537 1537 
13.0 1114 1114 
8.0 1450 1450 
11.0 1442 1442 
11.0 1525 1525 
12.0 1452 1452 
9.0 980 980 
11.0 1756 1756 
13.0 1468 1468 
2.0 601 601 
13.0 1552 1552 
12.0 1776 1776 
12.0 911 911 
12.0 1144 1144 
11.0 1877 1877 
14.0 1584 1584 
13.0 1644 1644 
12.0 1840 1840 
12.0 1455 1455 
12.0 1620 1620 
12.0 1620 1620 
14.0 1443 1443 
13.0 1453 1453 
4.0 902 902 
11.0 1661 1661 
8.0 1101 1101 
11.0 1128 1128 
11.0 1843 1843 
11.0 1428 1428 
10.0 1208 1208 
3.0 1862 1862 
14.0 1516 1516 
12.0 1543 1543 
11.0 1795 1795 
11.0 1420 1420 
13.0 1847 1847 
11.0 880 880 
10.0 1617 1617 
12.0 1486 1486 
10.0 1556 1556 
14.0 1618 1618 
11.0 932 932 
12.0 1976 1976 
11.0 1001 1001 
12.0 1404 1404 
9.0 1776 1776 
11.0 904 904 
13.0 1164 1164 
12.0 1322 1322 
11.0 909 909 
12.0 1384 1384 
12.0 1680 1680 
12.0 1902 1902 
9.0 1945 1945 
11.0 1341 1341 
13.0 1465 1465 
12.0 1796 1796 
12.0 1472 1472 
9.0 1685 1685 
10.0 1456 1456 
13.0 1620 1620 
12.0 1063 1063 
9.0 1410 1410 
3.0 1821 1821 
13.0 1982 1982 
4.0 1321 1321 
13.0 1666 1666 
11.0 904 904 
13.0 991 991 
11.0 1278 1278 
8.0 1864 1864 
13.0 1972 1972 
51.0 1096 1096 
51.0 989 989 
41.0 1912 1912 
51.0 1184 1184 
45.0 976 976 
51.0 1576 1576 
53.0 1542 1542 
51.0 1320 1320 
51.0 1796 1796 
49.0 1608 1608 
51.0 1264 1264 
51.0 1612 1612 
51.0 952 952 
32.0 1983 1983 
51.0 1310 1310 
51.0 1543 1543 
51.0 1488 1488 
51.0 1148 1148 
47.0 1216 1216 
51.0 1156 1156 
47.0 1368 1368 
51.0 1739 1739 
51.0 1687 1687 
51.0 1845 1845 
51.0 1448 1448 
41.0 1741 1741 
51.0 1508 1508 
51.0 1472 1472 
51.0 1764 1764 
51.0 1872 1872 
51.0 1815 1815 
46.0 1539 1539 
51.0 1626 1626 
10.0 1725 1725 
51.0 1760 1760 
51.0 1408 1408 
51.0 923 923 
51.0 1030 1030 
47.0 1413 1413 
53.0 1999 1999 
49.0 1712 1712 
51.0 1654 1654 
49.0 1967 1967 
47.0 888 888 
51.0 1390 1390 
51.0 1582 1582 
52.0 1999 1999 
51.0 1396 1396 
53.0 1999 1999 
51.0 985 985 
51.0 1428 1428 
53.0 1999 1999 
49.0 1864 1864 
51.0 1068 1068 
10.0 1476 1476 
10.0 1264 1264 
51.0 1292 1292 
51.0 1748 1748 
51.0 1920 1920 
14.0 1584 1584 
49.0 1560 1560 
53.0 1999 1999 
53.0 1999 1999 
51.0 1448 1448 
49.0 1316 1316 
14.0 1808 1808 
51.0 1208 1208 
26.0 1888 1888 
49.0 1268 1268 
49.0 1878 1878 
51.0 1560 1560 
49.0 1997 1997 
51.0 1260 1260 
53.0 1885 1885 
51.0 1504 1504 
51.0 1204 1204 
48.0 1708 1708 
49.0 1819 1819 
51.0 801 801 
51.0 894 894 
51.0 1520 1520 
49.0 1552 1552 
51.0 1531 1531 
53.0 1296 1296 
51.0 1992 1992 
26.0 1830 1830 
42.0 1975 1975 
51.0 1923 1923 
53.0 1999 1999 
53.0 1995 1995 
51.0 1524 1524 
51.0 1916 1916 
51.0 1780 1780 
51.0 1240 1240 
51.0 1784 1784 
50.0 916 916 
51.0 1504 1504 
47.0 1836 1836 
53.0 1444 1444 
51.0 1164 1164 
39.0 1795 1795 
42.0 1843 1843 
33.0 1748 1748 
39.0 1468 1468 
43.0 2000 2000 
41.0 1922 1922 
37.0 1235 1235 
43.0 1484 1484 
39.0 1745 1745 
42.0 1564 1564 
42.0 1680 1680 
37.0 1128 1128 
41.0 1985 1985 
42.0 1187 1187 
34.0 1631 1631 
38.0 1681 1681 
42.0 1814 1814 
38.0 1869 1869 
34.0 2000 2000 
42.0 1743 1743 
43.0 1409 1409 
42.0 1810 1810 
40.0 1710 1710 
43.0 1746 1746 
43.0 1913 1913 
40.0 1816 1816 
38.0 1928 1928 
35.0 1273 1273 
28.0 1628 1628 
43.0 1999 1999 
43.0 1568 1568 
40.0 1777 1777 
38.0 1548 1548 
43.0 1504 1504 
43.0 1272 1272 
39.0 1752 1752 
41.0 1612 1612 
37.0 1540 1540 
44.0 1424 1424 
42.0 1923 1923 
42.0 1644 1644 
37.0 1552 1552 
41.0 1582 1582 
39.0 1814 1814 
40.0 1904 1904 
42.0 1773 1773 
42.0 1216 1216 
43.0 1377 1377 
32.0 1891 1891 
31.0 1756 1756 
39.0 1116 1116 
43.0 1575 1575 
43.0 2000 2000 
39.0 1168 1168 
44.0 1516 1516 
40.0 1888 1888 
43.0 1861 1861 
44.0 1980 1980 
42.0 1440 1440 
43.0 1630 1630 
42.0 1681 1681 
41.0 1964 1964 
36.0 964 964 
40.0 1692 1692 
42.0 956 956 
41.0 1768 1768 
39.0 1348 1348 
44.0 1686 1686 
42.0 1768 1768 
42.0 1493 1493 
37.0 1418 1418 
43.0 1652 1652 
36.0 1946 1946 
39.0 1639 1639 
41.0 1584 1584 
42.0 1967 1967 
43.0 1994 1994 
42.0 1524 1524 
42.0 1536 1536 
41.0 1908 1908 
41.0 1814 1814 
38.0 1916 1916 
42.0 1877 1877 
35.0 976 976 
42.0 1952 1952 
43.0 1668 1668 
33.0 1366 1366 
40.0 1648 1648 
38.0 1362 1362 
42.0 1332 1332 
41.0 1924 1924 
42.0 971 971 
42.0 1820 1820 
41.0 1366 1366 
41.0 1312 1312 
38.0 1935 1935 
41.0 1944 1944 
43.0 1628 1628 
42.0 1856 1856 
44.0 1944 1944 