141 0.34814814814814815 1957 
108 0.26666666666666666 1972 
132 0.32592592592592595 1995 
142 0.3506172839506173 1954 
160 0.3950617283950617 1983 
98 0.2419753086419753 1913 
148 0.3654320987654321 2000 
107 0.2641975308641975 1974 
140 0.345679012345679 1993 
135 0.3333333333333333 1984 
136 0.3358024691358025 1958 
142 0.3506172839506173 1995 
99 0.24444444444444444 1983 
146 0.36049382716049383 1984 
106 0.2617283950617284 1993 
109 0.2691358024691358 1984 
132 0.32592592592592595 1998 
95 0.2345679012345679 1840 
149 0.36790123456790125 1985 
137 0.33827160493827163 1994 
142 0.3506172839506173 1934 
151 0.3728395061728395 1993 
90 0.2222222222222222 1819 
138 0.34074074074074073 1976 
90 0.2222222222222222 1976 
145 0.35802469135802467 1984 
121 0.29876543209876544 1960 
135 0.3333333333333333 1882 
99 0.24444444444444444 1848 
124 0.30617283950617286 1911 
132 0.32592592592592595 1988 
116 0.28641975308641976 1929 
124 0.30617283950617286 1824 
148 0.3654320987654321 1938 
137 0.33827160493827163 1944 
153 0.37777777777777777 1945 
99 0.24444444444444444 1989 
118 0.291358024691358 1997 
117 0.28888888888888886 1956 
115 0.2839506172839506 1928 
157 0.38765432098765434 1993 
156 0.3851851851851852 1985 
152 0.37530864197530867 1992 
88 0.21728395061728395 1886 
145 0.35802469135802467 1966 
115 0.2839506172839506 1975 
89 0.21975308641975308 1996 
94 0.23209876543209876 2000 
124 0.30617283950617286 1960 
154 0.3802469135802469 1870 
144 0.35555555555555557 1998 
133 0.32839506172839505 1977 
140 0.345679012345679 1982 
152 0.37530864197530867 1985 
126 0.3111111111111111 1994 
126 0.3111111111111111 1990 
132 0.32592592592592595 1992 
151 0.3728395061728395 1993 
127 0.3135802469135803 1965 
143 0.3530864197530864 1974 
93 0.22962962962962963 1980 
99 0.24444444444444444 1981 
137 0.33827160493827163 1906 
119 0.2938271604938272 1964 
139 0.3432098765432099 1994 
141 0.34814814814814815 1996 
136 0.3358024691358025 1983 
126 0.3111111111111111 1969 
125 0.30864197530864196 1999 
108 0.26666666666666666 1998 
115 0.2839506172839506 1828 
140 0.345679012345679 1952 
119 0.2938271604938272 1979 
70 0.1728395061728395 1964 
69 0.17037037037037037 1977 
93 0.22962962962962963 1979 
150 0.37037037037037035 1994 
129 0.31851851851851853 1926 
99 0.24444444444444444 1868 
138 0.34074074074074073 1933 
160 0.3950617283950617 1994 
128 0.3160493827160494 1955 
85 0.20987654320987653 1993 
139 0.3432098765432099 1953 
70 0.1728395061728395 1888 
136 0.3358024691358025 1995 
135 0.3333333333333333 1986 
134 0.3308641975308642 1974 
116 0.28641975308641976 1986 
142 0.3506172839506173 1996 
102 0.2518518518518518 1956 
118 0.291358024691358 1883 
105 0.25925925925925924 1960 
142 0.3506172839506173 1986 
142 0.3506172839506173 1992 
125 0.30864197530864196 1929 
111 0.2740740740740741 1987 
123 0.3037037037037037 1951 
129 0.31851851851851853 1992 
134 0.3308641975308642 1965 
119 0.2938271604938272 1999 
97 0.23950617283950618 1993 
111 0.2740740740740741 1987 
102 0.2518518518518518 1981 
110 0.2716049382716049 1923 
67 0.1654320987654321 1947 
88 0.21728395061728395 1968 
117 0.28888888888888886 1941 
121 0.29876543209876544 1714 
111 0.2740740740740741 1965 
111 0.2740740740740741 1995 
119 0.2938271604938272 1959 
112 0.2765432098765432 1986 
128 0.3160493827160494 1985 
80 0.19753086419753085 1964 
82 0.20246913580246914 1999 
111 0.2740740740740741 1931 
114 0.2814814814814815 1987 
74 0.18271604938271604 1872 
95 0.2345679012345679 1974 
94 0.23209876543209876 1993 
126 0.3111111111111111 1990 
124 0.30617283950617286 1957 
120 0.2962962962962963 1995 
110 0.2716049382716049 1995 
121 0.29876543209876544 1994 
137 0.33827160493827163 1983 
91 0.22469135802469137 1930 
109 0.2691358024691358 1969 
127 0.3135802469135803 1982 
99 0.24444444444444444 1952 
118 0.291358024691358 1899 
111 0.2740740740740741 1967 
97 0.23950617283950618 1911 
115 0.2839506172839506 1966 
116 0.28641975308641976 1955 
102 0.2518518518518518 1978 
134 0.3308641975308642 1995 
131 0.3234567901234568 1986 
100 0.24691358024691357 1969 
146 0.36049382716049383 1991 
66 0.16296296296296298 1993 
117 0.28888888888888886 1996 
86 0.2123456790123457 1996 
127 0.3135802469135803 1982 
92 0.2271604938271605 1828 
129 0.31851851851851853 1995 
91 0.22469135802469137 1982 
130 0.32098765432098764 1981 
127 0.3135802469135803 2000 
97 0.23950617283950618 1866 
121 0.29876543209876544 1979 
114 0.2814814814814815 1982 
85 0.20987654320987653 1978 
114 0.2814814814814815 1932 
39 0.0962962962962963 1671 
105 0.25925925925925924 1957 
70 0.1728395061728395 1854 
129 0.31851851851851853 1996 
130 0.32098765432098764 1996 
110 0.2716049382716049 1862 
89 0.21975308641975308 2000 
117 0.28888888888888886 1994 
63 0.15555555555555556 1841 
139 0.3432098765432099 1971 
62 0.15308641975308643 1598 
110 0.2716049382716049 1987 
108 0.26666666666666666 1986 
119 0.2938271604938272 1995 
126 0.3111111111111111 1963 
87 0.21481481481481482 1845 
128 0.3160493827160494 1988 
71 0.17530864197530865 1923 
99 0.24444444444444444 1983 
67 0.1654320987654321 1939 
90 0.2222222222222222 1969 
97 0.23950617283950618 2000 
104 0.25679012345679014 1968 
154 0.3802469135802469 1994 
109 0.2691358024691358 1903 
114 0.2814814814814815 1997 
141 0.34814814814814815 2000 
117 0.28888888888888886 1965 
108 0.26666666666666666 1946 
104 0.25679012345679014 1919 
63 0.15555555555555556 1911 
116 0.28641975308641976 1866 
118 0.291358024691358 1966 
129 0.31851851851851853 1943 
107 0.2641975308641975 1958 
125 0.30864197530864196 1989 
120 0.2962962962962963 1994 
127 0.3135802469135803 1990 
77 0.19012345679012346 1894 
94 0.23209876543209876 1993 
119 0.2938271604938272 1969 
107 0.2641975308641975 1991 
109 0.2691358024691358 1818 
112 0.2765432098765432 1867 
109 0.2691358024691358 1991 
122 0.3012345679012346 1989 
155 0.38271604938271603 1994 
137 0.33827160493827163 1910 
172 0.4246913580246914 1968 
156 0.3851851851851852 1986 
151 0.3728395061728395 1816 
152 0.37530864197530867 1955 
134 0.3308641975308642 1830 
141 0.34814814814814815 1994 
156 0.3851851851851852 1953 
179 0.4419753086419753 1995 
112 0.2765432098765432 1986 
172 0.4246913580246914 1997 
135 0.3333333333333333 1977 
156 0.3851851851851852 1985 
149 0.36790123456790125 1995 
160 0.3950617283950617 1969 
138 0.34074074074074073 1804 
113 0.27901234567901234 1963 
133 0.32839506172839505 1953 
124 0.30617283950617286 1954 
176 0.4345679012345679 1906 
164 0.4049382716049383 1967 
150 0.37037037037037035 1999 
107 0.2641975308641975 1881 
133 0.32839506172839505 1973 
172 0.4246913580246914 1886 
142 0.3506172839506173 1997 
118 0.291358024691358 1920 
154 0.3802469135802469 1984 
157 0.38765432098765434 1994 
116 0.28641975308641976 1978 
159 0.3925925925925926 1930 
160 0.3950617283950617 1998 
156 0.3851851851851852 1961 
185 0.4567901234567901 1900 
146 0.36049382716049383 1962 
145 0.35802469135802467 1919 
145 0.35802469135802467 1970 
166 0.40987654320987654 1997 
142 0.3506172839506173 1843 
136 0.3358024691358025 1987 
169 0.41728395061728396 1994 
130 0.32098765432098764 1931 
146 0.36049382716049383 1787 
121 0.29876543209876544 1893 
166 0.40987654320987654 1989 
153 0.37777777777777777 1893 
130 0.32098765432098764 1948 
146 0.36049382716049383 2000 
151 0.3728395061728395 1920 
162 0.4 1876 
120 0.2962962962962963 1954 
141 0.34814814814814815 1998 
132 0.32592592592592595 1985 
170 0.41975308641975306 1995 
155 0.38271604938271603 1995 
161 0.39753086419753086 1967 
129 0.31851851851851853 1994 
156 0.3851851851851852 1983 
158 0.39012345679012345 1978 
160 0.3950617283950617 1966 
167 0.4123456790123457 1968 
166 0.40987654320987654 1991 
108 0.26666666666666666 1997 
154 0.3802469135802469 1996 
143 0.3530864197530864 1919 
168 0.4148148148148148 1992 
153 0.37777777777777777 1995 
142 0.3506172839506173 2000 
162 0.4 1966 
143 0.3530864197530864 1956 
155 0.38271604938271603 1963 
139 0.3432098765432099 1940 
115 0.2839506172839506 1831 
148 0.3654320987654321 1981 
135 0.3333333333333333 1994 
124 0.30617283950617286 1877 
154 0.3802469135802469 1990 
158 0.39012345679012345 1889 
167 0.4123456790123457 1984 
151 0.3728395061728395 1998 
160 0.3950617283950617 1997 
173 0.4271604938271605 1991 
152 0.37530864197530867 1997 
142 0.3506172839506173 1990 
129 0.31851851851851853 1993 
132 0.32592592592592595 1932 
149 0.36790123456790125 1964 
145 0.35802469135802467 1988 
122 0.3012345679012346 1983 
149 0.36790123456790125 1984 
146 0.36049382716049383 1990 
145 0.35802469135802467 1997 
144 0.35555555555555557 1983 
152 0.37530864197530867 1985 
140 0.345679012345679 1949 
152 0.37530864197530867 1981 
158 0.39012345679012345 1942 
138 0.34074074074074073 1990 
119 0.2938271604938272 1946 
127 0.3135802469135803 1985 
133 0.32839506172839505 1994 
106 0.2617283950617284 1913 
133 0.32839506172839505 1909 
134 0.3308641975308642 1971 
126 0.3111111111111111 1960 
78 0.1925925925925926 1983 
142 0.3506172839506173 1993 
106 0.2617283950617284 1876 
60 0.14814814814814814 1938 
111 0.2740740740740741 1929 
119 0.2938271604938272 1987 
125 0.30864197530864196 1981 
118 0.291358024691358 1923 
104 0.25679012345679014 1984 
113 0.27901234567901234 1999 
64 0.1580246913580247 1954 
72 0.17777777777777778 1984 
99 0.24444444444444444 1974 
108 0.26666666666666666 1984 
110 0.2716049382716049 1978 
131 0.3234567901234568 1890 
121 0.29876543209876544 1981 
119 0.2938271604938272 1985 
86 0.2123456790123457 1919 
103 0.254320987654321 1999 
49 0.12098765432098765 1769 
109 0.2691358024691358 1972 
128 0.3160493827160494 1980 
143 0.3530864197530864 1998 
103 0.254320987654321 1965 
118 0.291358024691358 1996 
143 0.3530864197530864 1960 
86 0.2123456790123457 1970 
97 0.23950617283950618 1919 
110 0.2716049382716049 1964 
113 0.27901234567901234 1929 
137 0.33827160493827163 2000 
98 0.2419753086419753 1997 
99 0.24444444444444444 1995 
98 0.2419753086419753 1883 
84 0.2074074074074074 1995 
153 0.37777777777777777 1985 
126 0.3111111111111111 1994 
102 0.2518518518518518 1956 
109 0.2691358024691358 1993 
107 0.2641975308641975 1993 
101 0.24938271604938272 1987 
137 0.33827160493827163 1993 
105 0.25925925925925924 1989 
121 0.29876543209876544 1928 
68 0.16790123456790124 2000 
133 0.32839506172839505 1996 
74 0.18271604938271604 1947 
76 0.18765432098765433 1994 
87 0.21481481481481482 1877 
86 0.2123456790123457 1973 
126 0.3111111111111111 1985 
137 0.33827160493827163 1971 
133 0.32839506172839505 1992 
139 0.3432098765432099 1951 
92 0.2271604938271605 1957 
122 0.3012345679012346 1943 
45 0.1111111111111111 1865 
133 0.32839506172839505 1993 
114 0.2814814814814815 1962 
77 0.19012345679012346 1999 
130 0.32098765432098764 1970 
48 0.11851851851851852 1970 
139 0.3432098765432099 1987 
100 0.24691358024691357 1921 
84 0.2074074074074074 1853 
82 0.20246913580246914 1732 
74 0.18271604938271604 1988 
116 0.28641975308641976 1772 
143 0.3530864197530864 1990 
80 0.19753086419753085 1958 
117 0.28888888888888886 1990 
94 0.23209876543209876 1938 
103 0.254320987654321 1985 
119 0.2938271604938272 1995 
97 0.23950617283950618 1989 
147 0.362962962962963 2000 
131 0.3234567901234568 1925 
98 0.2419753086419753 1791 
131 0.3234567901234568 1966 
84 0.2074074074074074 1914 
107 0.2641975308641975 1731 
96 0.23703703703703705 1732 
128 0.3160493827160494 1959 
127 0.3135802469135803 1990 
131 0.3234567901234568 1984 
137 0.33827160493827163 1923 
104 0.25679012345679014 1982 
96 0.23703703703703705 1969 
141 0.34814814814814815 1992 
81 0.2 1903 
136 0.3358024691358025 1960 
135 0.3333333333333333 1988 
162 0.4 1995 
161 0.39753086419753086 1995 
160 0.3950617283950617 1981 
132 0.32592592592592595 1712 
134 0.3308641975308642 1935 
195 0.48148148148148145 1992 
168 0.4148148148148148 1777 
162 0.4 1988 
137 0.33827160493827163 1886 
137 0.33827160493827163 1921 
194 0.47901234567901235 2000 
162 0.4 1990 
159 0.3925925925925926 1997 
153 0.37777777777777777 1974 
186 0.45925925925925926 1999 
164 0.4049382716049383 1982 
141 0.34814814814814815 1996 
169 0.41728395061728396 1993 
147 0.362962962962963 1994 
128 0.3160493827160494 2000 
138 0.34074074074074073 1993 
135 0.3333333333333333 1931 
178 0.43950617283950616 2000 
149 0.36790123456790125 1934 
142 0.3506172839506173 1999 
136 0.3358024691358025 1973 
124 0.30617283950617286 1870 
160 0.3950617283950617 1789 
147 0.362962962962963 1938 
178 0.43950617283950616 1988 
197 0.48641975308641977 1992 
140 0.345679012345679 1923 
172 0.4246913580246914 1964 
109 0.2691358024691358 1960 
137 0.33827160493827163 1920 
188 0.4641975308641975 1925 
153 0.37777777777777777 1950 
145 0.35802469135802467 1969 
138 0.34074074074074073 1999 
134 0.3308641975308642 1805 
157 0.38765432098765434 1971 
168 0.4148148148148148 1979 
158 0.39012345679012345 1997 
137 0.33827160493827163 1945 
133 0.32839506172839505 1820 
148 0.3654320987654321 1989 
157 0.38765432098765434 1989 
193 0.4765432098765432 1952 
148 0.3654320987654321 1989 
207 0.5111111111111111 1986 
152 0.37530864197530867 1994 
119 0.2938271604938272 1997 
179 0.4419753086419753 1983 
123 0.3037037037037037 1947 
107 0.2641975308641975 1997 
112 0.2765432098765432 1901 
159 0.3925925925925926 1946 
149 0.36790123456790125 1832 
184 0.454320987654321 1925 
114 0.2814814814814815 1986 
133 0.32839506172839505 1971 
180 0.4444444444444444 1970 
148 0.3654320987654321 1996 
148 0.3654320987654321 1860 
159 0.3925925925925926 1989 
127 0.3135802469135803 1792 
161 0.39753086419753086 1924 
79 0.19506172839506172 1736 
173 0.4271604938271605 1930 
151 0.3728395061728395 1971 
142 0.3506172839506173 1997 
157 0.38765432098765434 1910 
189 0.4666666666666667 1872 
134 0.3308641975308642 1914 
133 0.32839506172839505 1946 
150 0.37037037037037035 1998 
124 0.30617283950617286 1993 
190 0.4691358024691358 1830 
180 0.4444444444444444 1951 
163 0.4024691358024691 1992 
174 0.42962962962962964 1955 
169 0.41728395061728396 1952 
192 0.4740740740740741 1939 
113 0.27901234567901234 1990 
184 0.454320987654321 1998 
114 0.2814814814814815 1974 
124 0.30617283950617286 1999 
157 0.38765432098765434 1880 
155 0.38271604938271603 1995 
154 0.3802469135802469 1946 
175 0.43209876543209874 1749 
158 0.39012345679012345 1988 
170 0.41975308641975306 1992 
191 0.47160493827160493 1971 
176 0.4345679012345679 1997 
162 0.4 1990 
156 0.3851851851851852 1849 
153 0.37777777777777777 1873 
166 0.40987654320987654 1946 
163 0.4024691358024691 1986 
190 0.4691358024691358 1999 
204 0.5037037037037037 1972 
174 0.42962962962962964 1994 
174 0.42962962962962964 1882 
180 0.4444444444444444 1991 
188 0.4641975308641975 1965 
179 0.4419753086419753 1955 
182 0.44938271604938274 1945 
158 0.39012345679012345 1993 
201 0.4962962962962963 1905 
169 0.41728395061728396 1996 
188 0.4641975308641975 2000 
143 0.3530864197530864 1567 
164 0.4049382716049383 1998 
116 0.28641975308641976 1901 
194 0.47901234567901235 1980 
204 0.5037037037037037 1975 
182 0.44938271604938274 2000 
188 0.4641975308641975 2000 
165 0.4074074074074074 1988 
185 0.4567901234567901 1999 
190 0.4691358024691358 1803 
182 0.44938271604938274 1970 
195 0.48148148148148145 1994 
165 0.4074074074074074 1993 
157 0.38765432098765434 1878 
173 0.4271604938271605 1977 
168 0.4148148148148148 1992 
194 0.47901234567901235 1975 
193 0.4765432098765432 1894 
153 0.37777777777777777 1917 
153 0.37777777777777777 1994 
206 0.508641975308642 1930 
191 0.47160493827160493 1966 
157 0.38765432098765434 1999 
187 0.4617283950617284 1795 
219 0.5407407407407407 1996 
151 0.3728395061728395 1768 
186 0.45925925925925926 1998 
168 0.4148148148148148 1995 
215 0.5308641975308642 1952 
169 0.41728395061728396 1983 
178 0.43950617283950616 1957 
177 0.43703703703703706 1989 
223 0.5506172839506173 1927 
183 0.45185185185185184 1949 
165 0.4074074074074074 1978 
185 0.4567901234567901 1980 
182 0.44938271604938274 1993 
198 0.4888888888888889 1990 
184 0.454320987654321 1995 
170 0.41975308641975306 1930 
164 0.4049382716049383 1997 
156 0.3851851851851852 1984 
187 0.4617283950617284 1641 
215 0.5308641975308642 1999 
166 0.40987654320987654 1843 
194 0.47901234567901235 1986 
168 0.4148148148148148 1898 
148 0.3654320987654321 1822 
186 0.45925925925925926 1951 
144 0.35555555555555557 2000 
200 0.49382716049382713 1996 
185 0.4567901234567901 1992 
193 0.4765432098765432 1994 
187 0.4617283950617284 1992 
166 0.40987654320987654 1724 
176 0.4345679012345679 1994 
179 0.4419753086419753 1908 
213 0.5259259259259259 1941 
132 0.32592592592592595 1947 
166 0.40987654320987654 1817 
115 0.2839506172839506 2000 
162 0.4 1456 
185 0.4567901234567901 1994 
185 0.4567901234567901 1979 
182 0.44938271604938274 1993 
172 0.4246913580246914 1918 
215 0.5308641975308642 1980 
177 0.43703703703703706 1793 
190 0.4691358024691358 1948 
183 0.45185185185185184 1976 
216 0.5333333333333333 1978 
174 0.42962962962962964 1985 
199 0.49135802469135803 1991 
146 0.36049382716049383 1998 
103 0.254320987654321 1941 
201 0.4962962962962963 1990 
200 0.49382716049382713 1997 
206 0.508641975308642 1979 
188 0.4641975308641975 1986 
198 0.4888888888888889 1956 
205 0.5061728395061729 1987 
174 0.42962962962962964 1951 
200 0.49382716049382713 2000 
183 0.45185185185185184 1967 
199 0.49135802469135803 1995 
163 0.4024691358024691 1782 
168 0.4148148148148148 1996 
191 0.47160493827160493 1969 