6 1190 
4 775 
6 1184 
6 1220 
6 836 
6 572 
6 752 
6 1029 
6 1448 
6 666 
6 561 
5 1141 
5 1564 
6 1388 
6 1568 
6 1064 
6 1692 
6 1536 
6 532 
5 1392 
6 1760 
6 1344 
6 1152 
5 752 
6 1576 
6 854 
6 1068 
5 1220 
6 1992 
6 572 
5 1036 
6 1457 
6 1220 
6 920 
1 36 
6 1224 
6 1090 
6 352 
6 1828 
6 1142 
6 1308 
6 1197 
6 985 
6 1520 
6 1176 
6 610 
6 1452 
6 1444 
6 1532 
6 1180 
6 1702 
6 792 
6 840 
5 484 
6 494 
6 1164 
4 399 
0 0 
6 1880 
5 1236 
6 556 
6 1320 
6 628 
6 724 
6 1112 
6 1148 
6 1804 
6 1204 
6 1012 
6 989 
6 1215 
5 1248 
6 1972 
6 568 
6 1623 
6 716 
5 1372 
6 930 
6 1644 
6 1804 
1 55 
5 451 
6 568 
6 1481 
6 1334 
6 884 
6 844 
6 1931 
6 1784 
6 1996 
6 852 
6 1848 
6 728 
6 1368 
6 276 
6 694 
6 452 
6 590 
6 1532 
5 1280 
6 1190 
6 1230 
6 1060 
6 856 
6 1985 
6 762 
3 612 
6 1380 
6 1368 
6 1446 
6 1504 
6 494 
6 940 
4 418 
5 660 
6 1993 
6 1796 
6 764 
6 884 
5 352 
6 702 
6 1348 
5 874 
5 1328 
6 526 
6 636 
6 1996 
6 1307 
6 1228 
6 888 
6 1940 
6 928 
6 810 
6 1732 
6 475 
6 1362 
4 670 
6 1276 
6 1956 
5 787 
6 1980 
6 1522 
6 920 
6 1541 
5 980 
6 1868 
6 514 
6 1840 
5 1814 
6 1328 
6 1306 
6 574 
6 1779 
6 1593 
6 1820 
6 1249 
5 592 
3 204 
6 815 
6 908 
5 756 
5 770 
6 1188 
6 596 
6 1517 
6 766 
6 772 
6 1058 
6 1296 
5 772 
6 924 
5 338 
5 1640 
6 1072 
1 132 
6 1851 
6 1620 
6 693 
6 580 
6 1172 
6 788 
6 1835 
6 1677 
6 548 
6 446 
4 784 
6 1158 
6 547 
6 879 
6 1096 
6 985 
6 1852 
6 1242 
6 1206 
6 1385 
6 700 
6 1844 
6 1089 
2 116 
6 944 
6 1360 
6 978 
6 708 
6 1124 
6 706 
5 632 
6 648 
6 1262 
3 445 
5 1312 
3 512 
2 208 
6 1257 
6 1440 
0 0 
6 1074 
6 1836 
6 1496 
5 1138 
6 764 
5 657 
6 520 
5 1062 
6 988 
6 316 
5 1630 
6 732 
6 626 
6 788 
3 300 
6 1723 
6 981 
6 1436 
6 796 
5 796 
6 788 
1 21 
6 1942 
6 412 
6 420 
6 1852 
6 1422 
5 1560 
6 645 
6 1964 
5 888 
6 1716 
6 1196 
5 876 
6 1684 
6 1164 
6 409 
6 456 
6 1723 
6 820 
5 408 
6 1392 
6 1896 
6 636 
6 500 
3 252 
6 1889 
6 1074 
6 1383 
6 1707 
6 862 
5 1059 
6 1536 
6 520 
4 746 
6 1978 
6 682 
6 1172 
2 285 
5 1640 
6 1192 
4 564 
5 1683 
6 1448 
6 1912 
5 780 
5 1716 
6 821 
6 850 
6 968 
6 1424 
5 920 
6 1253 
6 1404 
6 1076 
6 752 
6 900 
6 1144 
6 600 
6 696 
6 758 
2 137 
6 1580 
6 1172 
6 1864 
8 1162 
8 1500 
8 1752 
8 828 
8 1166 
8 1152 
8 1852 
8 1747 
7 1020 
7 1284 
8 532 
8 660 
8 1590 
7 1216 
8 1512 
8 1072 
8 1368 
8 918 
8 636 
8 1997 
8 1989 
8 1646 
8 1044 
8 1272 
8 1615 
8 1434 
8 1548 
8 1092 
7 1584 
8 1602 
7 1584 
8 1256 
8 1360 
8 1628 
8 544 
7 1288 
8 744 
8 1976 
8 906 
7 996 
7 1366 
8 1188 
8 582 
8 884 
7 467 
8 1608 
8 1278 
7 600 
8 1500 
8 1316 
6 350 
7 492 
8 653 
8 1838 
8 962 
8 1532 
8 1660 
8 1380 
8 1388 
7 1300 
8 1284 
8 1152 
8 1972 
7 920 
8 1892 
8 1596 
8 776 
8 1394 
8 810 
7 1180 
6 470 
8 628 
7 1848 
8 866 
8 1064 
2 80 
8 1164 
8 1488 
8 1149 
8 1390 
7 684 
8 1236 
8 751 
8 800 
8 1268 
8 890 
8 636 
8 1512 
8 530 
8 773 
8 706 
8 703 
8 1240 
8 970 
7 1089 
8 774 
6 1436 
8 1372 
8 1487 
8 1804 
6 1594 
5 1751 
5 899 
6 816 
6 996 
5 624 
6 1936 
6 1993 
5 606 
6 1400 
6 1726 
6 1484 
6 1240 
6 1242 
6 588 
6 1220 
6 1532 
6 1768 
5 1580 
5 1056 
6 1555 
6 720 
6 1200 
6 1184 
6 908 
6 896 
6 1588 
6 1452 
5 404 
5 876 
6 1436 
3 390 
6 1261 
5 836 
6 876 
6 1796 
6 988 
6 1604 
6 1098 
6 1443 
3 1332 
2 33 
6 1640 
6 862 
6 1750 
6 1325 
6 912 
6 1484 
6 1693 
6 1418 
4 616 
6 980 
6 1680 
6 1705 
6 1488 
6 948 
6 1740 
5 1806 
6 1512 
4 1094 
6 1084 
2 254 
6 1126 
6 876 
6 1951 
6 1324 
6 1434 
0 0 
6 1866 
5 1312 
4 1412 
6 1488 
6 1107 
6 1488 
5 920 
5 1025 
6 694 
6 1270 
6 384 
6 1176 
6 648 
0 0 
5 658 
1 72 
6 1068 
6 1580 
4 432 
6 1868 
5 1126 
5 824 
5 778 
6 1456 
4 436 
6 1192 
6 1340 
6 932 
6 1670 
5 1430 
6 1342 
6 1112 
5 1621 
5 716 
5 1377 
5 1464 
5 1428 
4 984 
5 1027 
5 1804 
5 1994 
5 1108 
4 1213 
5 1988 
5 1365 
4 1740 
5 1104 
5 876 
0 0 
5 792 
5 1156 
5 704 
5 600 
5 800 
5 1504 
2 223 
3 1476 
3 284 
5 892 
5 982 
4 1340 
5 472 
4 1668 
5 300 
5 1456 
2 195 
5 444 
5 812 
5 1880 
5 1772 
5 1068 
5 1340 
4 676 
5 584 
5 1048 
5 1316 
5 500 
5 1424 
5 1745 
5 860 
5 1548 
5 712 
5 1796 
5 668 
5 804 
5 1394 
4 896 
4 1729 
5 660 
1 8 
5 490 
5 692 
5 276 
5 988 
5 1244 
5 932 
5 488 
5 1566 
5 1984 
5 1508 
5 1660 
5 1088 
4 1340 
5 948 
4 1724 
3 276 
5 1148 
5 1996 
5 1043 
4 452 
5 812 
5 1413 
5 996 
5 264 
5 1599 
5 1707 
5 1964 
5 964 
5 1028 
5 628 
1 196 
5 1120 
5 332 
5 1197 
5 820 
5 824 
4 1997 
5 1908 
5 468 
5 860 
5 1140 
5 932 