125 0.9920634920634921 665 
124 0.9841269841269841 1143 
125 0.9920634920634921 1092 
125 0.9920634920634921 1516 
125 0.9920634920634921 463 
125 0.9920634920634921 836 
124 0.9841269841269841 914 
125 0.9920634920634921 538 
125 0.9920634920634921 722 
124 0.9841269841269841 1326 
125 0.9920634920634921 704 
125 0.9920634920634921 848 
125 0.9920634920634921 690 
125 0.9920634920634921 1873 
125 0.9920634920634921 1616 
125 0.9920634920634921 560 
125 0.9920634920634921 988 
125 0.9920634920634921 594 
125 0.9920634920634921 613 
124 0.9841269841269841 901 
125 0.9920634920634921 890 
125 0.9920634920634921 1346 
125 0.9920634920634921 1168 
125 0.9920634920634921 1191 
124 0.9841269841269841 1258 
125 0.9920634920634921 748 
124 0.9841269841269841 736 
125 0.9920634920634921 1010 
124 0.9841269841269841 738 
125 0.9920634920634921 672 
125 0.9920634920634921 1323 
125 0.9920634920634921 1442 
125 0.9920634920634921 661 
124 0.9841269841269841 1029 
38 0.30158730158730157 95 
125 0.9920634920634921 757 
125 0.9920634920634921 887 
125 0.9920634920634921 1522 
125 0.9920634920634921 1245 
125 0.9920634920634921 743 
124 0.9841269841269841 1314 
125 0.9920634920634921 764 
125 0.9920634920634921 832 
125 0.9920634920634921 1640 
125 0.9920634920634921 645 
124 0.9841269841269841 791 
125 0.9920634920634921 1468 
125 0.9920634920634921 1669 
125 0.9920634920634921 772 
125 0.9920634920634921 1732 
125 0.9920634920634921 1630 
125 0.9920634920634921 1529 
123 0.9761904761904762 850 
125 0.9920634920634921 1586 
125 0.9920634920634921 947 
125 0.9920634920634921 821 
125 0.9920634920634921 698 
54 0.42857142857142855 149 
125 0.9920634920634921 1032 
125 0.9920634920634921 1118 
125 0.9920634920634921 610 
125 0.9920634920634921 825 
125 0.9920634920634921 778 
125 0.9920634920634921 1346 
124 0.9841269841269841 717 
125 0.9920634920634921 824 
125 0.9920634920634921 1024 
125 0.9920634920634921 1337 
125 0.9920634920634921 1660 
125 0.9920634920634921 1117 
125 0.9920634920634921 981 
125 0.9920634920634921 1511 
125 0.9920634920634921 1417 
124 0.9841269841269841 620 
125 0.9920634920634921 1549 
125 0.9920634920634921 1811 
125 0.9920634920634921 1265 
125 0.9920634920634921 947 
125 0.9920634920634921 1078 
125 0.9920634920634921 823 
45 0.35714285714285715 107 
125 0.9920634920634921 882 
125 0.9920634920634921 1064 
125 0.9920634920634921 1306 
125 0.9920634920634921 1060 
125 0.9920634920634921 1293 
125 0.9920634920634921 771 
125 0.9920634920634921 1099 
125 0.9920634920634921 1555 
125 0.9920634920634921 838 
125 0.9920634920634921 1084 
125 0.9920634920634921 562 
125 0.9920634920634921 1898 
124 0.9841269841269841 758 
125 0.9920634920634921 694 
125 0.9920634920634921 734 
125 0.9920634920634921 674 
125 0.9920634920634921 985 
125 0.9920634920634921 1714 
125 0.9920634920634921 1199 
129 0.9923076923076923 1504 
128 0.9846153846153847 568 
128 0.9846153846153847 612 
129 0.9923076923076923 762 
128 0.9846153846153847 1004 
129 0.9923076923076923 1738 
129 0.9923076923076923 662 
129 0.9923076923076923 770 
129 0.9923076923076923 1326 
128 0.9846153846153847 1054 
129 0.9923076923076923 1080 
129 0.9923076923076923 788 
129 0.9923076923076923 1655 
118 0.9076923076923077 522 
129 0.9923076923076923 781 
129 0.9923076923076923 604 
129 0.9923076923076923 765 
129 0.9923076923076923 960 
129 0.9923076923076923 1784 
129 0.9923076923076923 741 
129 0.9923076923076923 1920 
129 0.9923076923076923 469 
129 0.9923076923076923 748 
129 0.9923076923076923 1236 
129 0.9923076923076923 717 
129 0.9923076923076923 779 
128 0.9846153846153847 1704 
129 0.9923076923076923 1247 
129 0.9923076923076923 989 
129 0.9923076923076923 1032 
129 0.9923076923076923 1069 
128 0.9846153846153847 514 
129 0.9923076923076923 844 
129 0.9923076923076923 1103 
129 0.9923076923076923 531 
129 0.9923076923076923 969 
129 0.9923076923076923 964 
129 0.9923076923076923 832 
129 0.9923076923076923 1086 
129 0.9923076923076923 823 
129 0.9923076923076923 891 
129 0.9923076923076923 785 
129 0.9923076923076923 835 
129 0.9923076923076923 736 
128 0.9846153846153847 875 
129 0.9923076923076923 705 
129 0.9923076923076923 964 
129 0.9923076923076923 1060 
128 0.9846153846153847 640 
129 0.9923076923076923 980 
129 0.9923076923076923 652 
129 0.9923076923076923 944 
129 0.9923076923076923 713 
128 0.9846153846153847 801 
128 0.9846153846153847 892 
129 0.9923076923076923 934 
129 0.9923076923076923 620 
109 0.8384615384615385 364 
128 0.9846153846153847 828 
128 0.9846153846153847 769 
129 0.9923076923076923 663 
129 0.9923076923076923 1628 
129 0.9923076923076923 616 
129 0.9923076923076923 632 
128 0.9846153846153847 1582 
129 0.9923076923076923 1391 
129 0.9923076923076923 1467 
129 0.9923076923076923 1102 
128 0.9846153846153847 674 
129 0.9923076923076923 1426 
128 0.9846153846153847 801 
128 0.9846153846153847 1109 
129 0.9923076923076923 1111 
129 0.9923076923076923 1756 
46 0.35384615384615387 151 
129 0.9923076923076923 1907 
129 0.9923076923076923 935 
128 0.9846153846153847 705 
129 0.9923076923076923 412 
129 0.9923076923076923 564 
129 0.9923076923076923 833 
129 0.9923076923076923 1232 
129 0.9923076923076923 1192 
129 0.9923076923076923 1049 
128 0.9846153846153847 993 
129 0.9923076923076923 677 
129 0.9923076923076923 696 
129 0.9923076923076923 1059 
129 0.9923076923076923 1139 
129 0.9923076923076923 938 
128 0.9846153846153847 772 
129 0.9923076923076923 646 
129 0.9923076923076923 757 
128 0.9846153846153847 1224 
129 0.9923076923076923 1530 
129 0.9923076923076923 714 
129 0.9923076923076923 1155 
129 0.9923076923076923 705 
95 0.7307692307692307 186 
129 0.9923076923076923 885 
113 0.9912280701754386 1393 
113 0.9912280701754386 1128 
113 0.9912280701754386 841 
113 0.9912280701754386 1112 
109 0.956140350877193 726 
113 0.9912280701754386 880 
113 0.9912280701754386 1054 
113 0.9912280701754386 925 
80 0.7017543859649122 564 
112 0.9824561403508771 634 
91 0.7982456140350878 530 
44 0.38596491228070173 327 
113 0.9912280701754386 1925 
113 0.9912280701754386 886 
9 0.07894736842105263 13 
113 0.9912280701754386 982 
113 0.9912280701754386 783 
113 0.9912280701754386 1120 
113 0.9912280701754386 1598 
113 0.9912280701754386 1237 
113 0.9912280701754386 745 
113 0.9912280701754386 945 
113 0.9912280701754386 1036 
113 0.9912280701754386 1047 
113 0.9912280701754386 708 
113 0.9912280701754386 1865 
113 0.9912280701754386 989 
113 0.9912280701754386 1353 
113 0.9912280701754386 1148 
84 0.7368421052631579 302 
111 0.9736842105263158 845 
113 0.9912280701754386 825 
113 0.9912280701754386 936 
113 0.9912280701754386 802 
113 0.9912280701754386 1707 
113 0.9912280701754386 799 
41 0.35964912280701755 96 
111 0.9736842105263158 901 
113 0.9912280701754386 628 
113 0.9912280701754386 861 
113 0.9912280701754386 1766 
113 0.9912280701754386 1081 
112 0.9824561403508771 1069 
113 0.9912280701754386 660 
113 0.9912280701754386 612 
113 0.9912280701754386 808 
113 0.9912280701754386 716 
113 0.9912280701754386 741 
113 0.9912280701754386 1034 
113 0.9912280701754386 1180 
113 0.9912280701754386 1599 
113 0.9912280701754386 906 
113 0.9912280701754386 898 
113 0.9912280701754386 889 
113 0.9912280701754386 975 
113 0.9912280701754386 965 
113 0.9912280701754386 657 
113 0.9912280701754386 1184 
113 0.9912280701754386 873 
113 0.9912280701754386 811 
69 0.6052631578947368 330 
113 0.9912280701754386 1625 
113 0.9912280701754386 648 
113 0.9912280701754386 813 
113 0.9912280701754386 1974 
113 0.9912280701754386 1334 
113 0.9912280701754386 1059 
113 0.9912280701754386 1328 
112 0.9824561403508771 1005 
111 0.9736842105263158 1029 
113 0.9912280701754386 1080 
113 0.9912280701754386 799 
113 0.9912280701754386 1532 
81 0.7105263157894737 534 
113 0.9912280701754386 1807 
113 0.9912280701754386 854 
103 0.9035087719298246 534 
113 0.9912280701754386 857 
113 0.9912280701754386 1060 
113 0.9912280701754386 732 
113 0.9912280701754386 1182 
113 0.9912280701754386 1942 
113 0.9912280701754386 877 
113 0.9912280701754386 1237 
113 0.9912280701754386 621 
113 0.9912280701754386 1166 
113 0.9912280701754386 660 
113 0.9912280701754386 810 
113 0.9912280701754386 1453 
113 0.9912280701754386 1040 
113 0.9912280701754386 881 
113 0.9912280701754386 782 
113 0.9912280701754386 1542 
113 0.9912280701754386 611 
113 0.9912280701754386 1214 
113 0.9912280701754386 867 
39 0.34210526315789475 177 
113 0.9912280701754386 845 
113 0.9912280701754386 1014 
113 0.9912280701754386 761 
137 0.9927536231884058 1374 
137 0.9927536231884058 1235 
137 0.9927536231884058 1594 
137 0.9927536231884058 806 
137 0.9927536231884058 716 
137 0.9927536231884058 656 
137 0.9927536231884058 937 
137 0.9927536231884058 914 
137 0.9927536231884058 733 
137 0.9927536231884058 1192 
137 0.9927536231884058 566 
137 0.9927536231884058 1423 
137 0.9927536231884058 1087 
137 0.9927536231884058 657 
137 0.9927536231884058 1407 
137 0.9927536231884058 1040 
137 0.9927536231884058 699 
137 0.9927536231884058 947 
137 0.9927536231884058 946 
137 0.9927536231884058 1020 
137 0.9927536231884058 1386 
136 0.9855072463768116 1808 
135 0.9782608695652174 684 
137 0.9927536231884058 798 
137 0.9927536231884058 1199 
137 0.9927536231884058 973 
137 0.9927536231884058 725 
137 0.9927536231884058 792 
137 0.9927536231884058 1155 
137 0.9927536231884058 1777 
137 0.9927536231884058 1465 
137 0.9927536231884058 1475 
137 0.9927536231884058 1046 
137 0.9927536231884058 1673 
137 0.9927536231884058 1655 
137 0.9927536231884058 872 
137 0.9927536231884058 656 
137 0.9927536231884058 1202 
137 0.9927536231884058 1550 
137 0.9927536231884058 783 
137 0.9927536231884058 659 
137 0.9927536231884058 1012 
137 0.9927536231884058 732 
137 0.9927536231884058 848 
137 0.9927536231884058 716 
137 0.9927536231884058 1403 
137 0.9927536231884058 1087 
136 0.9855072463768116 693 
136 0.9855072463768116 1247 
137 0.9927536231884058 1829 
137 0.9927536231884058 697 
137 0.9927536231884058 1137 
137 0.9927536231884058 787 
137 0.9927536231884058 1341 
137 0.9927536231884058 698 
137 0.9927536231884058 739 
137 0.9927536231884058 1437 
137 0.9927536231884058 962 
137 0.9927536231884058 1329 
136 0.9855072463768116 978 
137 0.9927536231884058 831 
137 0.9927536231884058 894 
137 0.9927536231884058 580 
137 0.9927536231884058 853 
137 0.9927536231884058 1610 
137 0.9927536231884058 561 
137 0.9927536231884058 1576 
137 0.9927536231884058 1149 
137 0.9927536231884058 1298 
137 0.9927536231884058 704 
137 0.9927536231884058 1522 
137 0.9927536231884058 944 
137 0.9927536231884058 1337 
137 0.9927536231884058 1120 
137 0.9927536231884058 629 
55 0.39855072463768115 132 
137 0.9927536231884058 931 
137 0.9927536231884058 844 
137 0.9927536231884058 688 
137 0.9927536231884058 628 
137 0.9927536231884058 1995 
137 0.9927536231884058 1957 
137 0.9927536231884058 1746 
136 0.9855072463768116 826 
137 0.9927536231884058 1459 
137 0.9927536231884058 1673 
137 0.9927536231884058 769 
137 0.9927536231884058 930 
137 0.9927536231884058 639 
137 0.9927536231884058 848 
137 0.9927536231884058 1290 
137 0.9927536231884058 747 
137 0.9927536231884058 628 
137 0.9927536231884058 982 
137 0.9927536231884058 1549 
137 0.9927536231884058 762 
137 0.9927536231884058 946 
136 0.9855072463768116 731 
136 0.9855072463768116 913 
137 0.9927536231884058 950 
119 0.9916666666666667 1889 
100 0.8333333333333334 1026 
119 0.9916666666666667 1005 
118 0.9833333333333333 1593 
119 0.9916666666666667 911 
118 0.9833333333333333 1891 
109 0.9083333333333333 1997 
113 0.9416666666666667 890 
119 0.9916666666666667 1113 
119 0.9916666666666667 942 
119 0.9916666666666667 1296 
119 0.9916666666666667 1728 
119 0.9916666666666667 1145 
119 0.9916666666666667 1249 
119 0.9916666666666667 1677 
118 0.9833333333333333 949 
119 0.9916666666666667 1032 
119 0.9916666666666667 1678 
112 0.9333333333333333 1057 
119 0.9916666666666667 1336 
119 0.9916666666666667 1652 
119 0.9916666666666667 1992 
118 0.9833333333333333 821 
101 0.8416666666666667 1368 
119 0.9916666666666667 1562 
119 0.9916666666666667 1340 
100 0.8333333333333334 1229 
117 0.975 855 
118 0.9833333333333333 669 
119 0.9916666666666667 1106 
118 0.9833333333333333 989 
96 0.8 488 
119 0.9916666666666667 1240 
118 0.9833333333333333 1261 
119 0.9916666666666667 1878 
119 0.9916666666666667 796 
119 0.9916666666666667 1002 
117 0.975 1635 
119 0.9916666666666667 1297 
119 0.9916666666666667 1697 
119 0.9916666666666667 1311 
40 0.3333333333333333 103 
119 0.9916666666666667 1333 
118 0.9833333333333333 1098 
119 0.9916666666666667 1781 
118 0.9833333333333333 771 
119 0.9916666666666667 1513 
119 0.9916666666666667 1487 
118 0.9833333333333333 1308 
119 0.9916666666666667 853 
82 0.6833333333333333 696 
119 0.9916666666666667 1197 
119 0.9916666666666667 1978 
118 0.9833333333333333 1790 
119 0.9916666666666667 895 
118 0.9833333333333333 1064 
119 0.9916666666666667 1710 
119 0.9916666666666667 1058 
119 0.9916666666666667 1542 
119 0.9916666666666667 1350 
119 0.9916666666666667 1670 
87 0.725 325 
118 0.9833333333333333 1015 
119 0.9916666666666667 1475 
119 0.9916666666666667 1978 
119 0.9916666666666667 1163 
119 0.9916666666666667 1471 
22 0.18333333333333332 40 
118 0.9833333333333333 1886 
119 0.9916666666666667 1432 
112 0.9333333333333333 739 
112 0.9333333333333333 1405 
119 0.9916666666666667 1253 
117 0.975 773 
119 0.9916666666666667 1116 
119 0.9916666666666667 1563 
119 0.9916666666666667 1725 
119 0.9916666666666667 1317 
119 0.9916666666666667 819 
119 0.9916666666666667 1180 
118 0.9833333333333333 762 
27 0.225 68 
118 0.9833333333333333 1525 
31 0.25833333333333336 88 
119 0.9916666666666667 1419 
119 0.9916666666666667 1430 
95 0.7916666666666666 451 
119 0.9916666666666667 1884 
119 0.9916666666666667 1773 
119 0.9916666666666667 1854 
116 0.9666666666666667 1016 
119 0.9916666666666667 1472 
109 0.9083333333333333 573 
119 0.9916666666666667 1220 
119 0.9916666666666667 1406 
119 0.9916666666666667 1055 
115 0.9583333333333334 1068 
103 0.8583333333333333 1422 
119 0.9916666666666667 1131 
119 0.9916666666666667 1209 
83 0.6859504132231405 608 
83 0.6859504132231405 498 
83 0.6859504132231405 670 
83 0.6859504132231405 556 
83 0.6859504132231405 986 
83 0.6859504132231405 659 
83 0.6859504132231405 937 
83 0.6859504132231405 1053 
83 0.6859504132231405 921 
83 0.6859504132231405 662 
83 0.6859504132231405 977 
83 0.6859504132231405 479 
83 0.6859504132231405 1416 
80 0.6611570247933884 588 
83 0.6859504132231405 675 
83 0.6859504132231405 544 
10 0.08264462809917356 34 
83 0.6859504132231405 509 
83 0.6859504132231405 805 
83 0.6859504132231405 604 
83 0.6859504132231405 625 
83 0.6859504132231405 854 
83 0.6859504132231405 1546 
76 0.628099173553719 327 
83 0.6859504132231405 1447 
53 0.4380165289256198 296 
83 0.6859504132231405 711 
83 0.6859504132231405 1005 
83 0.6859504132231405 986 
83 0.6859504132231405 540 
83 0.6859504132231405 934 
83 0.6859504132231405 413 
83 0.6859504132231405 1470 
61 0.5041322314049587 237 
83 0.6859504132231405 476 
83 0.6859504132231405 822 
83 0.6859504132231405 420 
83 0.6859504132231405 687 
83 0.6859504132231405 633 
83 0.6859504132231405 542 
81 0.6694214876033058 1138 
83 0.6859504132231405 476 
83 0.6859504132231405 459 
83 0.6859504132231405 709 
83 0.6859504132231405 1031 
83 0.6859504132231405 566 
83 0.6859504132231405 1594 
83 0.6859504132231405 651 
83 0.6859504132231405 1537 
83 0.6859504132231405 730 
83 0.6859504132231405 1320 
83 0.6859504132231405 1316 
83 0.6859504132231405 391 
83 0.6859504132231405 709 
83 0.6859504132231405 744 
83 0.6859504132231405 1740 
83 0.6859504132231405 921 
13 0.10743801652892562 44 
83 0.6859504132231405 902 
83 0.6859504132231405 463 
83 0.6859504132231405 995 
83 0.6859504132231405 451 
83 0.6859504132231405 873 
83 0.6859504132231405 672 
83 0.6859504132231405 276 
83 0.6859504132231405 1213 
83 0.6859504132231405 1490 
83 0.6859504132231405 1267 
83 0.6859504132231405 483 
83 0.6859504132231405 895 
83 0.6859504132231405 914 
83 0.6859504132231405 1001 
83 0.6859504132231405 954 
58 0.4793388429752066 285 
83 0.6859504132231405 540 
83 0.6859504132231405 1128 
83 0.6859504132231405 624 
83 0.6859504132231405 656 
83 0.6859504132231405 868 
83 0.6859504132231405 616 
83 0.6859504132231405 606 
83 0.6859504132231405 534 
83 0.6859504132231405 656 
83 0.6859504132231405 781 
83 0.6859504132231405 1438 
83 0.6859504132231405 984 
83 0.6859504132231405 562 
83 0.6859504132231405 773 
59 0.48760330578512395 256 
83 0.6859504132231405 859 
83 0.6859504132231405 546 
83 0.6859504132231405 442 
83 0.6859504132231405 906 
83 0.6859504132231405 858 
83 0.6859504132231405 1151 
83 0.6859504132231405 848 
83 0.6859504132231405 446 
83 0.6859504132231405 597 
83 0.6859504132231405 964 
83 0.6859504132231405 1375 