3 932 
4 737 
4 963 
5 905 
2 756 
2 698 
3 931 
6 993 
2 919 
3 419 
2 749 
3 652 
2 744 
4 781 
2 325 
3 982 
5 857 
4 633 
4 728 
3 953 
3 738 
5 840 
5 723 
2 482 
3 828 
3 790 
2 881 
6 683 
2 335 
2 325 
7 997 
3 653 
4 995 
5 858 
2 677 
5 617 
5 984 
4 857 
0 0 
2 749 
3 896 
2 651 
3 777 
4 727 
3 392 
4 703 
2 837 
3 323 
3 899 
3 641 
4 874 
4 622 
4 928 
4 901 
4 887 
2 543 
3 846 
4 923 
2 569 
5 933 
4 677 
3 539 
4 876 
5 966 
2 772 
3 810 
1 518 
4 880 
2 413 
3 709 
2 946 
3 963 
3 614 
4 485 
2 572 
4 799 
5 923 
2 822 
1 647 
3 970 
4 969 
3 842 
3 902 
3 641 
3 892 
3 882 
3 954 
4 973 
4 976 
5 972 
3 777 
4 550 
4 831 
4 804 
3 639 
2 938 
3 413 
2 398 
3 467 
3 954 
3 486 
4 623 
5 998 
4 959 
3 896 
4 924 
4 930 
7 781 
5 887 
4 953 
3 873 
5 776 
0 0 
2 868 
2 659 
6 859 
5 910 
4 681 
4 838 
2 769 
3 666 
5 773 
5 563 
3 442 
3 974 
4 710 
5 935 
5 722 
3 963 
1 31 
3 717 
2 748 
4 972 
7 792 
4 911 
6 813 
4 831 
4 562 
6 850 
2 786 
6 989 
5 985 
2 861 
4 896 
4 982 
4 843 
4 997 
7 904 
5 982 
5 830 
3 544 
6 949 
3 198 
3 658 
3 717 
5 929 
4 882 
6 749 
4 753 
4 897 
5 839 
3 631 
4 918 
2 954 
5 898 
2 978 
6 967 
3 802 
3 621 
4 662 
4 891 
5 924 
4 662 
5 874 
3 919 
0 0 
5 993 
3 645 
3 594 
4 955 
5 635 
6 830 
6 997 
4 740 
3 648 
3 939 
4 861 
4 983 
2 955 
5 651 
3 726 
5 991 
7 965 
4 629 
4 869 
6 964 
4 844 
4 433 
4 741 
4 790 
4 957 
2 519 
6 933 
3 491 
4 895 
5 965 
2 497 
5 978 
4 884 
4 824 
2 818 
2 960 
4 738 
4 430 
2 442 
5 839 
4 873 
2 405 
5 927 
5 973 
6 955 
1 372 
6 932 
7 619 
3 814 
2 492 
6 950 
4 888 
3 659 
6 897 
3 891 
2 938 
3 697 
6 972 
3 842 
3 554 
5 846 
8 980 
2 656 
3 704 
7 877 
4 612 
3 953 
3 815 
6 731 
4 992 
6 923 
5 770 
5 989 
5 981 
6 831 
4 736 
1 7 
4 669 
5 864 
1 353 
1 258 
6 994 
4 874 
4 876 
6 958 
7 946 
3 851 
2 398 
4 982 
3 717 
4 538 
3 933 
2 347 
6 896 
5 830 
4 873 
3 677 
4 723 
3 553 
4 945 
4 861 
5 912 
3 693 
4 441 
5 916 
4 851 
3 297 
3 611 
4 777 
3 252 
4 897 
2 645 
4 811 
4 825 
3 731 
3 896 
3 666 
1 484 
4 900 
4 999 
3 524 
4 437 
4 849 
5 992 
8 802 
5 981 
4 981 
5 959 
7 992 
4 979 
5 845 
2 725 
4 973 
6 962 
6 949 
2 180 
6 838 
7 992 
7 940 
4 957 
7 963 
4 998 
4 493 
5 957 
5 934 
5 998 
1 432 
9 883 
4 779 
3 788 
5 954 
4 719 
4 832 
5 740 
6 974 
4 875 
5 970 
6 965 
7 964 
4 795 
6 965 
4 598 
3 632 
6 877 
3 962 
9 816 
4 405 
4 437 
4 727 
3 652 
6 916 
5 749 
9 988 
3 786 
5 840 
4 856 
4 666 
5 984 
4 846 
7 832 
5 951 
7 942 
6 869 
6 633 
8 864 
5 916 
4 923 
5 920 
4 827 
4 760 
6 965 
3 811 
4 920 
1 136 
2 967 
7 907 
5 841 
1 339 
4 970 
4 886 
5 766 
3 625 
1 584 
7 956 
7 900 
5 855 
6 804 
5 978 
5 949 
6 941 
3 873 
4 877 
4 707 
4 814 
6 965 
4 779 
6 970 
3 974 
4 870 
8 956 
1 721 
5 919 
4 950 
4 941 
3 494 
7 938 
4 542 
5 713 
7 685 
2 312 
5 951 
6 893 
4 996 
3 987 
5 568 
6 844 
8 988 
5 923 
5 707 
6 970 
6 821 
6 812 
5 702 
4 977 
4 915 
5 950 
5 851 
7 662 
7 947 
4 994 
6 981 
8 931 
3 570 
4 973 
4 726 
4 704 
6 988 
4 777 
7 971 
3 760 
5 816 
5 529 
8 776 
8 987 
6 846 
7 914 
4 932 
2 671 
5 839 
3 816 
5 828 
4 878 
5 946 
3 791 
7 753 
6 904 
4 859 
4 891 
3 673 
3 680 
5 877 
2 719 
3 948 
4 992 
5 474 
5 964 
4 694 
4 930 
5 911 
3 820 
9 864 
7 984 
6 984 
6 970 
4 982 
3 772 
5 946 
3 601 
1 550 
7 999 
5 929 
3 759 
9 903 
5 809 
4 443 
5 515 
5 969 
2 763 
6 852 
5 652 
6 945 
5 708 
5 991 
3 441 
5 822 
2 728 
3 982 
5 831 
6 654 
3 763 
8 939 
5 840 
5 900 
6 946 
15 949 
15 997 
16 896 
15 927 
20 970 
13 887 
13 794 
17 878 
7 224 
14 998 
25 984 
15 876 
16 960 
17 901 
22 950 
14 987 
14 991 
12 969 
7 306 
21 995 
15 985 
17 883 
19 972 
13 981 
14 831 
14 963 
15 997 
16 984 
11 965 
21 931 
17 977 
13 975 
18 935 
18 905 
17 985 
20 982 
14 937 
17 947 
16 952 
16 901 
13 942 
3 205 
17 998 
16 953 
22 986 
20 991 
20 883 
3 208 
16 954 
17 957 
17 984 
18 986 
20 905 
20 992 
16 977 
18 968 
22 972 
16 965 
16 923 
20 943 
16 856 
16 991 
19 965 
18 883 
18 999 
18 993 
22 972 
19 993 
11 749 
17 967 
20 998 
16 955 
16 980 
22 952 
15 896 
13 959 
24 991 
14 767 
16 977 
14 863 
17 937 
16 971 
14 996 
19 984 
20 989 
17 922 
20 984 
21 994 
11 887 
15 976 
21 959 
17 959 
21 977 
15 978 
18 986 
17 978 
20 958 
16 842 
19 770 
14 839 