77 0.6111111111111112 1957 
50 0.3968253968253968 1333 
52 0.4126984126984127 1738 
82 0.6507936507936508 1986 
69 0.5476190476190477 1763 
43 0.3412698412698413 1548 
47 0.373015873015873 1646 
73 0.5793650793650794 1985 
52 0.4126984126984127 1514 
71 0.5634920634920635 1999 
69 0.5476190476190477 1815 
56 0.4444444444444444 1897 
66 0.5238095238095238 1994 
57 0.4523809523809524 1761 
84 0.6666666666666666 1902 
68 0.5396825396825397 1986 
55 0.4365079365079365 1992 
48 0.38095238095238093 1995 
73 0.5793650793650794 1978 
63 0.5 1994 
49 0.3888888888888889 1731 
77 0.6111111111111112 1973 
77 0.6111111111111112 1869 
55 0.4365079365079365 1898 
49 0.3888888888888889 1802 
81 0.6428571428571429 1896 
59 0.46825396825396826 1838 
75 0.5952380952380952 1894 
76 0.6031746031746031 1932 
87 0.6904761904761905 1821 
85 0.6746031746031746 1994 
35 0.2777777777777778 1997 
81 0.6428571428571429 1950 
43 0.3412698412698413 1993 
45 0.35714285714285715 1649 
58 0.4603174603174603 1958 
52 0.4126984126984127 1892 
56 0.4444444444444444 1734 
43 0.3412698412698413 1964 
72 0.5714285714285714 1999 
52 0.4126984126984127 1668 
63 0.5 1871 
68 0.5396825396825397 1967 
58 0.4603174603174603 1711 
40 0.31746031746031744 1440 
52 0.4126984126984127 1998 
70 0.5555555555555556 1856 
44 0.3492063492063492 1991 
56 0.4444444444444444 1578 
70 0.5555555555555556 1670 
36 0.2857142857142857 1143 
80 0.6349206349206349 1506 
41 0.3253968253968254 1835 
64 0.5079365079365079 1838 
72 0.5714285714285714 2000 
45 0.35714285714285715 1997 
86 0.6825396825396826 1971 
62 0.49206349206349204 1309 
51 0.40476190476190477 1930 
59 0.46825396825396826 1929 
68 0.5396825396825397 1999 
53 0.42063492063492064 1886 
66 0.5238095238095238 1668 
35 0.2777777777777778 1916 
52 0.4126984126984127 1993 
67 0.5317460317460317 1994 
51 0.40476190476190477 1522 
71 0.5634920634920635 1664 
88 0.6984126984126984 1920 
44 0.3492063492063492 1881 
79 0.626984126984127 1973 
60 0.47619047619047616 1652 
57 0.4523809523809524 1931 
63 0.5 1981 
46 0.36507936507936506 1925 
39 0.30952380952380953 1902 
68 0.5396825396825397 1425 
69 0.5476190476190477 1992 
27 0.21428571428571427 1154 
56 0.4444444444444444 1793 
51 0.40476190476190477 1956 
69 0.5476190476190477 1995 
62 0.49206349206349204 1608 
83 0.6587301587301587 1996 
50 0.3968253968253968 1655 
43 0.3412698412698413 1774 
79 0.626984126984127 1755 
55 0.4365079365079365 1997 
73 0.5793650793650794 1800 
69 0.5476190476190477 1981 
46 0.36507936507936506 1558 
50 0.3968253968253968 1930 
72 0.5714285714285714 1756 
90 0.7142857142857143 1953 
69 0.5476190476190477 1997 
96 0.7619047619047619 1964 
54 0.42857142857142855 1759 
51 0.40476190476190477 1478 
55 0.4365079365079365 1986 
42 0.3333333333333333 1995 
60 0.46153846153846156 1987 
42 0.3230769230769231 1654 
86 0.6615384615384615 1703 
77 0.5923076923076923 1999 
79 0.6076923076923076 1859 
70 0.5384615384615384 1968 
57 0.43846153846153846 1608 
53 0.4076923076923077 1884 
37 0.2846153846153846 1503 
92 0.7076923076923077 1852 
81 0.6230769230769231 1813 
79 0.6076923076923076 1839 
66 0.5076923076923077 1950 
66 0.5076923076923077 1952 
40 0.3076923076923077 1662 
67 0.5153846153846153 1396 
93 0.7153846153846154 1795 
82 0.6307692307692307 1845 
80 0.6153846153846154 1953 
69 0.5307692307692308 1944 
75 0.5769230769230769 1669 
95 0.7307692307692307 1987 
77 0.5923076923076923 1926 
88 0.676923076923077 1995 
71 0.5461538461538461 1458 
50 0.38461538461538464 1996 
84 0.6461538461538462 1921 
62 0.47692307692307695 1930 
80 0.6153846153846154 1452 
57 0.43846153846153846 1984 
85 0.6538461538461539 1590 
101 0.7769230769230769 1752 
36 0.27692307692307694 1979 
25 0.19230769230769232 637 
79 0.6076923076923076 1980 
82 0.6307692307692307 1888 
79 0.6076923076923076 1997 
56 0.4307692307692308 1714 
54 0.4153846153846154 1986 
38 0.2923076923076923 1461 
50 0.38461538461538464 1900 
84 0.6461538461538462 1949 
79 0.6076923076923076 1975 
57 0.43846153846153846 1997 
41 0.3153846153846154 1909 
75 0.5769230769230769 1995 
79 0.6076923076923076 1796 
47 0.36153846153846153 1991 
99 0.7615384615384615 1980 
77 0.5923076923076923 1983 
66 0.5076923076923077 1281 
90 0.6923076923076923 1935 
23 0.17692307692307693 610 
33 0.25384615384615383 1155 
79 0.6076923076923076 1733 
80 0.6153846153846154 1946 
75 0.5769230769230769 1964 
38 0.2923076923076923 1874 
49 0.3769230769230769 1742 
48 0.36923076923076925 1995 
50 0.38461538461538464 1788 
56 0.4307692307692308 1483 
56 0.4307692307692308 1977 
69 0.5307692307692308 1982 
43 0.33076923076923076 1994 
68 0.5230769230769231 1989 
80 0.6153846153846154 1933 
77 0.5923076923076923 1968 
88 0.676923076923077 1993 
58 0.4461538461538462 1935 
42 0.3230769230769231 1669 
68 0.5230769230769231 1945 
75 0.5769230769230769 1989 
94 0.7230769230769231 1958 
84 0.6461538461538462 1949 
37 0.2846153846153846 1262 
53 0.4076923076923077 1978 
75 0.5769230769230769 1972 
32 0.24615384615384617 1666 
68 0.5230769230769231 1836 
83 0.6384615384615384 1882 
60 0.46153846153846156 1624 
54 0.4153846153846154 1956 
80 0.6153846153846154 1756 
73 0.5615384615384615 1672 
76 0.5846153846153846 1547 
46 0.35384615384615387 1780 
71 0.5461538461538461 1668 
75 0.5769230769230769 1991 
76 0.5846153846153846 1946 
77 0.5923076923076923 1815 
43 0.33076923076923076 1883 
58 0.4461538461538462 1909 
48 0.36923076923076925 1382 
72 0.5538461538461539 1579 
71 0.5461538461538461 1871 
70 0.5384615384615384 1882 
69 0.5307692307692308 1999 
56 0.4307692307692308 2000 
37 0.2846153846153846 1526 
65 0.5701754385964912 1913 
21 0.18421052631578946 1831 
74 0.6491228070175439 1923 
60 0.5263157894736842 1919 
38 0.3333333333333333 1519 
56 0.49122807017543857 1933 
71 0.6228070175438597 1990 
24 0.21052631578947367 1653 
52 0.45614035087719296 1647 
59 0.5175438596491229 1977 
71 0.6228070175438597 1983 
55 0.4824561403508772 1782 
60 0.5263157894736842 1985 
49 0.4298245614035088 1999 
7 0.06140350877192982 146 
43 0.37719298245614036 1589 
47 0.41228070175438597 1623 
46 0.40350877192982454 1960 
61 0.5350877192982456 1962 
48 0.42105263157894735 1327 
48 0.42105263157894735 1835 
59 0.5175438596491229 1935 
73 0.6403508771929824 1896 
63 0.5526315789473685 1993 
19 0.16666666666666666 1499 
41 0.35964912280701755 1902 
45 0.39473684210526316 1681 
35 0.30701754385964913 1649 
76 0.6666666666666666 1994 
39 0.34210526315789475 1922 
30 0.2631578947368421 1618 
52 0.45614035087719296 1909 
67 0.5877192982456141 1940 
68 0.5964912280701754 1935 
64 0.5614035087719298 1976 
60 0.5263157894736842 1970 
19 0.16666666666666666 1324 
48 0.42105263157894735 1714 
84 0.7368421052631579 1939 
23 0.20175438596491227 1974 
65 0.5701754385964912 1753 
70 0.6140350877192983 1966 
27 0.23684210526315788 1623 
26 0.22807017543859648 1288 
42 0.3684210526315789 1840 
36 0.3157894736842105 1988 
66 0.5789473684210527 1603 
53 0.4649122807017544 1507 
10 0.08771929824561403 254 
72 0.631578947368421 1826 
61 0.5350877192982456 1790 
49 0.4298245614035088 1925 
23 0.20175438596491227 1372 
48 0.42105263157894735 1986 
45 0.39473684210526316 1648 
20 0.17543859649122806 1945 
28 0.24561403508771928 915 
60 0.5263157894736842 1977 
39 0.34210526315789475 1020 
54 0.47368421052631576 1884 
69 0.6052631578947368 1886 
61 0.5350877192982456 1963 
19 0.16666666666666666 1737 
72 0.631578947368421 1992 
37 0.32456140350877194 1964 
27 0.23684210526315788 1134 
38 0.3333333333333333 1945 
47 0.41228070175438597 1989 
49 0.4298245614035088 1881 
63 0.5526315789473685 1941 
27 0.23684210526315788 1919 
12 0.10526315789473684 481 
60 0.5263157894736842 1421 
81 0.7105263157894737 1987 
73 0.6403508771929824 1975 
55 0.4824561403508772 1845 
39 0.34210526315789475 1960 
31 0.2719298245614035 1963 
56 0.49122807017543857 1782 
51 0.4473684210526316 1810 
50 0.43859649122807015 1525 
42 0.3684210526315789 1496 
56 0.49122807017543857 1997 
21 0.18421052631578946 624 
64 0.5614035087719298 1715 
50 0.43859649122807015 1736 
72 0.631578947368421 1951 
43 0.37719298245614036 1140 
36 0.3157894736842105 1336 
62 0.543859649122807 1784 
31 0.2719298245614035 1957 
23 0.20175438596491227 1833 
55 0.4824561403508772 1985 
35 0.30701754385964913 1941 
9 0.07894736842105263 364 
43 0.37719298245614036 1596 
75 0.6578947368421053 1906 
37 0.32456140350877194 1972 
60 0.5263157894736842 1925 
72 0.631578947368421 1542 
64 0.463768115942029 1685 
86 0.6231884057971014 1980 
84 0.6086956521739131 1763 
94 0.6811594202898551 1791 
67 0.4855072463768116 1971 
83 0.6014492753623188 1900 
85 0.6159420289855072 1913 
68 0.4927536231884058 1897 
96 0.6956521739130435 1888 
94 0.6811594202898551 1977 
94 0.6811594202898551 1960 
53 0.38405797101449274 1786 
60 0.43478260869565216 1718 
67 0.4855072463768116 1984 
94 0.6811594202898551 1908 
67 0.4855072463768116 1869 
104 0.7536231884057971 1954 
66 0.4782608695652174 1278 
89 0.644927536231884 1983 
76 0.5507246376811594 1994 
89 0.644927536231884 1960 
51 0.3695652173913043 1916 
53 0.38405797101449274 1719 
104 0.7536231884057971 1894 
78 0.5652173913043478 1746 
106 0.7681159420289855 1929 
84 0.6086956521739131 1881 
80 0.5797101449275363 1996 
91 0.6594202898550725 1993 
100 0.7246376811594203 1999 
70 0.5072463768115942 1967 
44 0.3188405797101449 1629 
68 0.4927536231884058 1956 
95 0.6884057971014492 1976 
76 0.5507246376811594 1845 
48 0.34782608695652173 1856 
61 0.4420289855072464 1695 
14 0.10144927536231885 128 
3 0.021739130434782608 4 
57 0.41304347826086957 1999 
87 0.6304347826086957 1949 
75 0.5434782608695652 1894 
14 0.10144927536231885 82 
61 0.4420289855072464 1996 
81 0.5869565217391305 1901 
84 0.6086956521739131 1867 
86 0.6231884057971014 1990 
83 0.6014492753623188 1988 
94 0.6811594202898551 1989 
57 0.41304347826086957 1672 
94 0.6811594202898551 1994 
94 0.6811594202898551 1656 
63 0.45652173913043476 1478 
65 0.47101449275362317 1973 
102 0.7391304347826086 2000 
36 0.2608695652173913 391 
70 0.5072463768115942 1949 
82 0.5942028985507246 1805 
39 0.2826086956521739 2000 
84 0.6086956521739131 1796 
73 0.5289855072463768 1522 
68 0.4927536231884058 1624 
72 0.5217391304347826 1986 
78 0.5652173913043478 1846 
90 0.6521739130434783 1985 
28 0.2028985507246377 847 
75 0.5434782608695652 1975 
94 0.6811594202898551 1971 
53 0.38405797101449274 1611 
94 0.6811594202898551 1879 
68 0.4927536231884058 1972 
101 0.7318840579710145 1991 
99 0.717391304347826 1862 
66 0.4782608695652174 1958 
89 0.644927536231884 1976 
63 0.45652173913043476 1993 
32 0.2318840579710145 502 
88 0.6376811594202898 1996 
72 0.5217391304347826 1511 
47 0.34057971014492755 1962 
81 0.5869565217391305 1979 
106 0.7681159420289855 1970 
91 0.6594202898550725 1809 
68 0.4927536231884058 1961 
108 0.782608695652174 1980 
85 0.6159420289855072 1813 
89 0.644927536231884 1948 
44 0.3188405797101449 1531 
70 0.5072463768115942 1944 
95 0.6884057971014492 1987 
93 0.6739130434782609 1984 
61 0.4420289855072464 1631 
98 0.7101449275362319 1987 
88 0.6376811594202898 1959 
95 0.6884057971014492 1648 
82 0.5942028985507246 1997 
76 0.5507246376811594 1578 
87 0.6304347826086957 1960 
90 0.6521739130434783 1836 
91 0.6594202898550725 1972 
32 0.26666666666666666 1200 
67 0.5583333333333333 1794 
68 0.5666666666666667 1936 
27 0.225 729 
28 0.23333333333333334 1265 
27 0.225 1496 
31 0.25833333333333336 1977 
25 0.20833333333333334 1235 
44 0.36666666666666664 1631 
52 0.43333333333333335 1920 
28 0.23333333333333334 1339 
69 0.575 1893 
51 0.425 1805 
74 0.6166666666666667 1970 
52 0.43333333333333335 1948 
69 0.575 1988 
26 0.21666666666666667 1152 
26 0.21666666666666667 1346 
27 0.225 1517 
26 0.21666666666666667 864 
46 0.38333333333333336 1994 
22 0.18333333333333332 1318 
70 0.5833333333333334 1987 
55 0.4583333333333333 1998 
25 0.20833333333333334 1176 
67 0.5583333333333333 1970 
28 0.23333333333333334 1866 
44 0.36666666666666664 1467 
57 0.475 1957 
61 0.5083333333333333 1981 
32 0.26666666666666666 1704 
66 0.55 1983 
26 0.21666666666666667 1253 
64 0.5333333333333333 1970 
29 0.24166666666666667 1590 
27 0.225 1158 
60 0.5 1962 
70 0.5833333333333334 1860 
56 0.4666666666666667 1980 
61 0.5083333333333333 2000 
26 0.21666666666666667 1630 
26 0.21666666666666667 1564 
40 0.3333333333333333 933 
30 0.25 1510 
26 0.21666666666666667 1559 
62 0.5166666666666667 1425 
69 0.575 1930 
72 0.6 1842 
58 0.48333333333333334 1974 
47 0.39166666666666666 1883 
25 0.20833333333333334 1085 
26 0.21666666666666667 1477 
51 0.425 2000 
31 0.25833333333333336 1797 
26 0.21666666666666667 1385 
26 0.21666666666666667 1532 
27 0.225 1818 
51 0.425 1343 
70 0.5833333333333334 1803 
26 0.21666666666666667 1998 
33 0.275 1368 
63 0.525 1585 
27 0.225 1688 
52 0.43333333333333335 1784 
71 0.5916666666666667 1890 
30 0.25 1951 
53 0.44166666666666665 1484 
74 0.6166666666666667 1940 
31 0.25833333333333336 1993 
63 0.525 1410 
27 0.225 1162 
23 0.19166666666666668 1305 
65 0.5416666666666666 1392 
29 0.24166666666666667 1694 
27 0.225 659 
40 0.3333333333333333 1864 
28 0.23333333333333334 1818 
65 0.5416666666666666 1769 
25 0.20833333333333334 822 
25 0.20833333333333334 1387 
60 0.5 1690 
29 0.24166666666666667 1673 
26 0.21666666666666667 1431 
37 0.30833333333333335 1993 
60 0.5 1926 
66 0.55 1907 
27 0.225 1742 
25 0.20833333333333334 1990 
37 0.30833333333333335 1911 
24 0.2 938 
30 0.25 1469 
63 0.525 1801 
74 0.6166666666666667 1501 
27 0.225 1861 
39 0.325 1895 
67 0.5583333333333333 1425 
26 0.21666666666666667 1334 
27 0.225 936 
38 0.31666666666666665 1967 
25 0.20833333333333334 1674 
46 0.38016528925619836 1714 
61 0.5041322314049587 1942 
61 0.5041322314049587 1953 
61 0.5041322314049587 1688 
57 0.47107438016528924 1574 
45 0.371900826446281 1972 
57 0.47107438016528924 1936 
70 0.5785123966942148 1890 
61 0.5041322314049587 1839 
43 0.35537190082644626 1793 
63 0.5206611570247934 1885 
66 0.5454545454545454 1611 
44 0.36363636363636365 1698 
67 0.5537190082644629 1467 
40 0.3305785123966942 1655 
27 0.2231404958677686 1829 
47 0.3884297520661157 1569 
58 0.4793388429752066 1970 
66 0.5454545454545454 1793 
44 0.36363636363636365 1991 
50 0.4132231404958678 1997 
60 0.49586776859504134 1910 
58 0.4793388429752066 1741 
53 0.4380165289256198 1935 
50 0.4132231404958678 1238 
60 0.49586776859504134 1898 
42 0.34710743801652894 1396 
43 0.35537190082644626 1972 
41 0.33884297520661155 1982 
59 0.48760330578512395 1729 
50 0.4132231404958678 1623 
49 0.4049586776859504 1777 
46 0.38016528925619836 1508 
42 0.34710743801652894 1035 
60 0.49586776859504134 1375 
39 0.32231404958677684 1950 
47 0.3884297520661157 1576 
38 0.3140495867768595 1670 
66 0.5454545454545454 1867 
49 0.4049586776859504 1504 
41 0.33884297520661155 1333 
38 0.3140495867768595 1956 
68 0.5619834710743802 1904 
43 0.35537190082644626 2000 
64 0.5289256198347108 1943 
61 0.5041322314049587 1559 
56 0.4628099173553719 1634 
66 0.5454545454545454 1999 
45 0.371900826446281 1175 
66 0.5454545454545454 1931 
56 0.4628099173553719 1589 
49 0.4049586776859504 1904 
63 0.5206611570247934 1839 
62 0.512396694214876 1624 
46 0.38016528925619836 1513 
55 0.45454545454545453 1477 
52 0.4297520661157025 1373 
47 0.3884297520661157 1725 
65 0.5371900826446281 1903 
48 0.39669421487603307 1992 
74 0.6115702479338843 1805 
55 0.45454545454545453 1944 
63 0.5206611570247934 1720 
40 0.3305785123966942 1896 
54 0.4462809917355372 1907 
75 0.6198347107438017 1915 
13 0.10743801652892562 261 
61 0.5041322314049587 1578 
53 0.4380165289256198 1996 
48 0.39669421487603307 1969 
36 0.2975206611570248 1986 
66 0.5454545454545454 1985 
62 0.512396694214876 1854 
42 0.34710743801652894 1939 
63 0.5206611570247934 1934 
64 0.5289256198347108 1954 
63 0.5206611570247934 1420 
59 0.48760330578512395 1830 
65 0.5371900826446281 1986 
43 0.35537190082644626 1998 
52 0.4297520661157025 1923 
44 0.36363636363636365 1889 
59 0.48760330578512395 1992 
63 0.5206611570247934 1716 
55 0.45454545454545453 1315 
53 0.4380165289256198 1487 
59 0.48760330578512395 2000 
77 0.6363636363636364 1978 
67 0.5537190082644629 1901 
54 0.4462809917355372 1697 
53 0.4380165289256198 1989 
55 0.45454545454545453 1822 
42 0.34710743801652894 1783 
49 0.4049586776859504 1434 
68 0.5619834710743802 1880 
28 0.23140495867768596 1205 
47 0.3884297520661157 1987 
45 0.371900826446281 1923 
67 0.5537190082644629 1846 
45 0.371900826446281 1979 