6 1142 
5 1720 
5 1526 
4 532 
6 1464 
4 672 
3 1388 
6 1696 
5 1908 
6 1596 
6 570 
4 788 
5 700 
5 716 
6 1528 
5 1763 
5 1236 
5 1198 
5 1882 
5 1722 
3 1672 
3 712 
4 1816 
3 500 
3 1534 
5 1566 
6 1580 
6 1005 
3 1588 
6 417 
6 1941 
3 1896 
5 984 
4 516 
5 1574 
6 1867 
5 1597 
5 821 
4 768 
5 1990 
5 532 
6 1660 
4 1551 
4 1176 
3 1409 
5 1496 
6 1100 
5 1904 
5 1869 
6 412 
4 295 
6 1800 
3 436 
3 684 
4 894 
4 1984 
5 644 
4 1554 
5 1124 
3 1780 
6 1102 
4 1070 
6 1168 
3 698 
5 1764 
4 1913 
4 776 
6 1076 
5 1496 
5 661 
4 1068 
3 988 
5 918 
6 646 
6 1704 
4 1030 
4 480 
5 1636 
4 1384 
3 1105 
4 1442 
6 1839 
5 1504 
4 1393 
6 1624 
6 1996 
6 1610 
6 1876 
6 1972 
6 642 
5 1624 
5 1408 
6 1312 
5 664 
6 1972 
5 1181 
4 893 
5 1000 
6 1596 
3 640 
6 1804 
4 790 
6 719 
6 1501 
6 1764 
6 1740 
5 632 
4 500 
5 1912 
6 696 
6 1734 
6 1496 
5 1359 
6 1074 
3 1240 
5 868 
6 1428 
6 1436 
6 1671 
6 1856 
6 1744 
5 852 
5 816 
5 1546 
4 562 
4 1787 
5 1724 
6 1284 
5 1080 
6 1638 
6 1008 
4 1112 
5 1802 
4 911 
4 874 
6 1811 
5 1980 
5 1364 
6 1873 
3 680 
6 1848 
6 1256 
6 1486 
5 1724 
4 886 
6 1941 
6 1308 
5 1229 
5 1700 
6 524 
5 833 
5 1000 
4 1695 
4 727 
5 605 
4 1844 
6 1280 
4 1332 
6 668 
4 1996 
5 1688 
4 1622 
5 1328 
5 1824 
4 1728 
5 1587 
5 620 
6 1709 
6 1110 
5 1914 
5 474 
6 1181 
6 1609 
5 1308 
6 1392 
5 1201 
5 1936 
5 1180 
4 612 
6 1215 
6 1012 
5 836 
4 1772 
5 1596 
6 1289 
5 1052 
5 1812 
6 1724 
5 1884 
4 1548 
5 1330 
5 877 
6 1972 
4 1108 
6 1640 
6 1344 
5 726 
5 1411 
6 1352 
5 981 
4 1502 
3 532 
6 488 
5 1875 
3 1836 
4 1220 
5 1076 
4 1812 
6 1512 
4 1636 
4 1380 
4 833 
4 1776 
5 1578 
1 292 
4 1092 
4 1764 
5 1468 
4 1732 
3 524 
5 1652 
5 1012 
6 1757 
5 1423 
2 1522 
5 1931 
6 1684 
3 1868 
6 1676 
4 1712 
3 1555 
5 1104 
5 1580 
3 1630 
4 1956 
4 1076 
1 512 
4 908 
6 1596 
3 1940 
6 852 
4 822 
5 1730 
2 348 
4 1804 
3 1820 
4 1596 
5 1967 
2 254 
5 1556 
6 1196 
4 1483 
3 1712 
6 1916 
4 1100 
3 688 
3 300 
5 1924 
6 876 
4 272 
5 1076 
4 1930 
2 318 
5 1459 
5 1372 
3 694 
2 1924 
3 1292 
4 902 
4 1324 
4 1900 
4 1679 
3 932 
5 926 
5 1684 
6 1084 
6 1855 
2 1580 
5 908 
5 1732 
4 1084 
3 539 
5 1099 
4 1574 
5 1032 
5 1584 
4 1646 
4 460 
4 1236 
6 1868 
5 1710 
4 1896 
4 954 
5 1457 
2 364 
6 1347 
5 1224 
4 1812 
4 860 
5 1156 
6 1964 
7 729 
8 660 
8 1001 
8 1473 
7 1325 
8 1205 
7 1622 
8 1636 
8 1288 
8 1722 
8 1574 
7 512 
8 1004 
8 1700 
6 408 
8 1249 
7 960 
8 772 
7 1852 
8 1192 
7 1594 
8 1804 
8 1420 
7 998 
8 1272 
8 409 
8 1660 
7 1412 
8 1376 
7 501 
8 1980 
8 218 
8 1980 
8 1322 
5 595 
8 1209 
3 84 
1 4 
7 1896 
8 596 
8 876 
1 36 
8 970 
8 810 
8 1310 
8 752 
8 1454 
8 1284 
8 1635 
8 1814 
8 1152 
8 1510 
7 374 
7 948 
5 335 
8 1236 
7 607 
6 1979 
7 768 
7 1272 
7 1148 
8 1960 
8 1720 
8 452 
5 712 
6 1852 
8 1940 
6 887 
8 952 
8 1412 
7 1452 
8 1082 
8 821 
8 956 
7 1716 
5 220 
7 864 
8 620 
5 1387 
8 1120 
8 802 
8 1290 
6 591 
8 577 
8 1608 
8 1968 
7 1319 
6 1284 
8 1140 
8 1852 
7 1148 
8 772 
7 962 
8 620 
8 813 
7 704 
6 932 
8 1306 
8 1500 
4 564 
6 1572 
4 892 
2 98 
3 1052 
1 188 
4 1722 
4 1032 
4 1108 
4 1012 
4 1227 
6 1796 
6 1748 
6 898 
6 1256 
3 1984 
5 1038 
4 968 
4 932 
1 16 
4 1332 
2 338 
5 1926 
4 1665 
3 1760 
6 1148 
4 1996 
2 80 
3 1768 
3 1744 
3 592 
5 1570 
3 1824 
5 1556 
3 320 
2 404 
6 1392 
5 1634 
4 968 
3 206 
4 736 
1 88 
3 924 
2 72 
4 684 
4 1627 
5 1696 
5 1120 
4 1742 
3 1610 
4 1256 
5 1650 
5 1988 
3 842 
3 1514 
3 1076 
3 744 
3 1032 
6 1642 
4 1994 
3 1036 
5 1202 
2 164 
6 1431 
4 1996 
3 776 
5 1764 
4 822 
1 16 
2 328 
3 584 
1 666 
6 1856 
4 1978 
2 277 
3 1724 
3 1516 
5 1644 
3 1240 
3 1399 
6 1272 
6 1128 
3 1146 
3 1996 
4 904 
5 1896 
3 1709 
3 1956 
3 1690 
2 880 
4 1572 
5 1061 
5 914 
2 842 
5 1832 
6 912 
3 716 
3 676 
4 558 
4 1496 
2 265 
5 742 
5 752 
5 948 
5 1515 
5 1572 
3 1112 
5 1488 
5 956 
5 564 
5 1121 
5 809 
5 1153 
5 1111 
5 480 
4 1756 
5 1568 
5 1060 
4 1628 
4 1269 
3 1572 
5 655 
5 1148 
4 1484 
5 556 
5 1804 
4 1560 
5 1286 
4 1029 
5 1616 
5 1476 
4 1452 
5 1260 
4 724 
5 436 
4 1572 
4 492 
4 1116 
5 1136 
5 1151 
4 1372 
3 122 
5 1865 
3 476 
4 672 
5 1944 
5 1936 
5 780 
4 641 
5 1540 
5 900 
5 1519 
5 421 
5 1204 
4 996 
5 298 
3 1587 
4 1444 
5 404 
4 888 
5 844 
5 380 
4 1172 
4 768 
4 524 
5 678 
2 276 
5 1061 
5 1384 
5 1828 
2 1052 
5 1261 
5 1289 
4 1934 
5 852 
5 1200 
5 1348 
5 1260 
5 1605 
5 1998 
5 1200 
4 915 
5 1629 
4 1857 
5 668 
4 1540 
5 1756 
4 348 
5 436 
4 1624 
5 475 
5 1157 
3 516 
4 1172 
4 1540 
4 618 
5 1564 
4 1712 
5 909 
4 1956 