4 443 
11 1803 
11 1883 
11 991 
8 1996 
11 1602 
8 1207 
11 1799 
9 1847 
9 1455 
8 979 
11 1924 
7 1571 
10 1731 
7 1998 
9 1603 
12 1535 
11 1671 
10 1355 
10 1687 
11 1500 
9 1792 
9 1267 
12 1795 
8 1967 
11 1891 
9 1603 
11 1296 
12 1027 
8 803 
8 1236 
9 1955 
11 1731 
9 1789 
12 1871 
12 1851 
9 1207 
10 1163 
9 959 
11 1711 
10 1351 
8 1107 
7 1003 
10 1107 
10 1868 
6 823 
11 1035 
9 1327 
11 1415 
8 1407 
11 1895 
11 843 
12 1475 
9 1883 
11 1328 
12 1671 
9 850 
7 1212 
10 1219 
6 817 
7 1739 
12 1567 
10 1699 
10 1775 
12 1628 
10 871 
10 1799 
12 1135 
12 1623 
9 1206 
7 1463 
11 1283 
12 1091 
12 1531 
11 1799 
11 1547 
9 1439 
10 1631 
7 1207 
12 1343 
11 800 
8 1995 
9 1427 
7 1071 
11 1379 
5 1067 
9 1723 
10 1775 
6 1963 
11 1051 
9 1415 
10 1799 
9 960 
9 1539 
9 983 
10 1780 
9 835 
9 1771 
12 1754 
9 1131 
16 1323 
6 1071 
15 1375 
14 1127 
11 1119 
7 1695 
8 1272 
8 1135 
14 1175 
13 1915 
14 1963 
15 1921 
14 1167 
13 1099 
14 1705 
13 1603 
12 1441 
10 1352 
8 1299 
14 1392 
15 1751 
7 1114 
15 1631 
14 1078 
15 1967 
13 1116 
11 1071 
8 919 
16 1180 
15 1487 
16 1675 
16 1581 
15 1531 
8 1707 
16 1707 
14 915 
13 1951 
7 1127 
16 1791 
14 1531 
15 1603 
14 1999 
14 1223 
16 1723 
16 1823 
10 1099 
15 1363 
2 1207 
16 1471 
16 1447 
16 1103 
16 1675 
9 943 
16 1647 
7 1859 
16 1871 
6 899 
16 1779 
8 1326 
14 1731 
16 1751 
14 943 
16 1643 
16 1967 
5 1407 
14 1441 
16 1375 
15 1411 
8 1261 
9 879 
13 858 
14 1945 
11 1843 
15 1827 
15 1643 
15 1683 
15 1683 
7 1211 
14 1759 
5 1223 
15 1631 
15 1091 
6 1335 
11 863 
15 1339 
11 1999 
14 1819 
10 1779 
3 1479 
16 1771 
16 1146 
14 1671 
13 1390 
15 1419 
13 1999 
16 1555 
13 1271 
9 1999 
7 1213 
16 1303 
10 1871 
13 1491 
13 1255 
13 1251 
12 1071 
12 1414 
13 1743 
13 1715 
12 1351 
13 1444 
13 1992 
13 1593 
11 1071 
13 1328 
13 1539 
13 1691 
13 1539 
13 1225 
13 983 
13 1555 
13 1259 
12 807 
13 1907 
12 1375 
12 1689 
13 1675 
10 1119 
13 1767 
11 1835 
11 1787 
12 1173 
13 1459 
13 1187 
13 1503 
12 1951 
11 1099 
13 1839 
11 1931 
13 1678 
13 1463 
13 1525 
13 1219 
13 1299 
12 955 
13 1804 
12 1983 
13 1671 
13 923 
13 1227 
10 1915 
13 1927 
12 975 
13 1847 
12 1323 
13 1483 
13 1031 
13 1371 
12 1396 
13 1875 
13 1280 
13 1331 
13 1483 
13 1703 
13 1592 
13 1371 
12 1791 
13 999 
13 1681 
13 1011 
12 1591 
13 1248 
13 1803 
13 1103 
13 1223 
11 1940 
13 1327 
11 1707 
13 1399 
13 1164 
12 1451 
13 1187 
13 1770 
12 1391 
12 1651 
13 1549 
13 1887 
13 1587 
13 1367 
12 1103 
11 1347 
13 895 
12 1941 
12 1267 
13 1531 
13 1939 
13 1208 
13 1219 
12 1387 
13 1907 
13 1744 
5 1419 
5 1079 
4 1347 
5 1899 
4 1375 
5 891 
5 959 
1 111 
5 880 
5 1023 
5 1229 
5 911 
5 809 
5 851 
5 911 
5 1515 
5 1775 
1 95 
4 1309 
5 891 
5 803 
5 931 
5 911 
3 483 
5 959 
5 1179 
5 943 
5 899 
3 511 
5 843 
5 887 
5 919 
5 1073 
5 932 
5 879 
5 947 
5 1439 
5 843 
5 864 
5 1139 
5 875 
5 964 
1 99 
5 1023 
5 1135 
5 1303 
5 875 
5 1183 
5 903 
1 811 
5 1175 
5 887 
4 707 
5 976 
5 866 
5 1039 
5 919 
4 655 
5 879 
5 887 
5 915 
5 1315 
5 867 
5 911 
5 859 
4 635 
5 1349 
5 855 
5 1051 
5 1228 
5 1203 
5 875 
4 1943 
3 487 
5 947 
5 847 
5 1479 
5 999 
5 928 
5 887 
5 1043 
4 671 
5 1911 
5 1527 
5 951 
5 1759 
5 915 
5 879 
5 903 
5 919 
5 1338 
5 1559 
5 1091 
5 1199 
5 1179 
5 927 
5 879 
5 935 
5 907 
5 1795 
14 1435 
12 1247 
14 1920 
13 1035 
12 1187 
14 957 
12 1471 
14 1315 
14 1202 
14 1243 
9 584 
13 1995 
14 1096 
14 1267 
14 1875 
11 1871 
14 1472 
14 1512 
14 1175 
13 1279 
13 1375 
11 1034 
13 1851 
14 1323 
13 1223 
14 887 
14 1351 
13 1747 
14 919 
13 1655 
14 1147 
14 1851 
14 1633 
14 1003 
13 1371 
14 1203 
13 1851 
14 1236 
12 1639 
14 927 
14 1203 
12 1687 
13 1911 
13 1231 
14 1242 
14 939 
12 1847 
13 999 
14 1643 
14 1167 
14 1887 
13 943 
14 1495 
14 983 
13 1023 
14 1099 
13 1475 
14 1495 
12 1799 
14 987 
11 1994 
12 1835 
13 1938 
14 1055 
14 1419 
13 1988 
11 795 
14 1198 
13 1435 
14 1611 
13 1231 
14 1291 
14 1195 
12 1351 
14 1162 
14 1407 
14 1864 
14 1635 
14 1299 
14 895 
14 1103 
12 1387 
14 1163 
12 1647 
12 879 
14 1443 
14 883 
14 1539 
12 1719 
14 1527 
13 1523 
12 1231 
13 1503 
14 975 
14 1291 
14 971 
14 1345 
13 1855 
13 1951 
14 1267 
12 1671 
12 1506 
11 1239 
12 1603 
12 1716 
12 1655 
12 1987 
11 1255 
12 1747 
12 1183 
11 1511 
12 1139 
12 1024 
12 1179 
12 1759 
10 971 
12 1167 
12 1359 
11 1831 
12 1411 
12 1439 
12 1699 
12 1887 
11 1063 
10 1119 
12 1931 
12 995 
11 1796 
11 1805 
12 1872 
11 1775 
11 1466 
12 1867 
12 1647 
11 1495 
12 1191 
12 1047 
9 1523 
11 1155 
12 1541 
12 943 
11 1383 
9 916 
12 1231 
11 1239 
12 1643 
12 1695 
12 1591 
10 1295 
10 1152 
11 1555 
12 1332 
12 1203 
11 1583 
12 1148 
10 1939 
12 1267 
11 1387 
12 1043 
11 1410 
12 1391 
12 971 
12 1923 
12 1399 
12 1527 
12 976 
12 1543 
12 1523 
11 1619 
12 1311 
12 1583 
12 1667 
11 1515 
12 1987 
12 1725 
12 1159 
11 1095 
11 1215 
12 1162 
12 1963 
12 1407 
12 1735 
11 1177 
12 1299 
10 1743 
12 943 
11 1587 
12 1483 
12 1483 
12 1152 
12 1555 
12 1991 
12 1135 
11 1103 
12 1340 
11 1515 
12 1775 
12 1491 
9 1820 
12 1431 