4 539 
11 1982 
8 1114 
6 1499 
6 1869 
10 1634 
10 1113 
9 1713 
7 1819 
11 903 
17 1926 
10 1950 
11 1907 
9 1951 
12 1997 
11 1900 
8 1418 
8 1860 
10 1375 
11 1873 
13 1499 
8 1866 
9 1486 
13 1826 
7 1123 
10 1999 
7 1675 
15 1849 
8 762 
10 1447 
11 1805 
9 1962 
2 1697 
10 1196 
11 1781 
16 1602 
4 1949 
12 1937 
6 1155 
11 982 
9 1896 
7 1623 
6 1988 
9 1097 
4 1585 
7 1022 
8 1665 
10 972 
10 1771 
8 1973 
9 1339 
8 1929 
9 1407 
14 1994 
9 1905 
14 1998 
9 1539 
10 1630 
15 1589 
11 1451 
6 1852 
14 1746 
9 1381 
7 976 
11 653 
12 1850 
14 1936 
8 460 
14 1952 
8 1047 
7 1883 
6 1432 
9 1368 
11 1915 
3 1309 
8 1124 
11 1970 
11 1899 
4 824 
5 1619 
15 1789 
5 1966 
13 1610 
2 252 
14 1962 
8 1481 
10 1943 
6 1097 
2 1364 
8 948 
9 1400 
7 541 
8 1902 
9 1216 
6 984 
7 1985 
11 1949 
11 1916 
8 1874 
10 1760 
6 1903 
7 1416 
3 1622 
7 1961 
12 1972 
1 378 
1 1039 
6 1955 
5 1440 
8 1647 
10 1920 
5 1095 
2 531 
9 1872 
3 1456 
3 1698 
9 1902 
1 929 
7 1948 
2 1397 
4 1655 
2 569 
4 1900 
9 1818 
8 1619 
8 1739 
6 710 
8 1202 
4 1927 
7 1178 
11 1981 
1 18 
4 1084 
2 1912 
8 1484 
9 1352 
2 1930 
1 258 
3 823 
5 1901 
13 1890 
8 1503 
6 1908 
2 40 
5 1807 
7 1809 
3 1575 
12 1730 
9 1978 
4 1834 
10 1935 
3 1433 
8 1770 
2 1444 
8 1335 
6 1995 
8 1321 
4 1707 
1 235 
2 1778 
4 1875 
3 1488 
4 1916 
2 1682 
1 379 
2 1383 
4 1312 
2 850 
9 1929 
8 1736 
2 1092 
3 1919 
10 1838 
5 1926 
2 1483 
3 1787 
4 1982 
2 1118 
3 1804 
1 27 
3 1383 
7 1944 
2 1608 
9 1256 
7 1838 
4 1824 
3 1035 
1 1975 
2 1400 
2 39 
3 783 
3 1885 
6 1892 
2 1377 
6 1983 
10 1426 
5 1800 
4 1992 
10 1952 
8 1954 
6 1923 
13 1795 
14 1790 
14 1941 
10 1898 
14 1939 
11 1912 
11 1984 
12 1930 
18 1956 
8 1973 
14 1787 
9 1642 
9 1437 
8 1965 
12 1898 
13 1714 
8 1812 
12 1468 
6 1093 
10 1964 
20 1749 
10 1889 
9 1581 
10 1169 
11 1541 
9 1869 
13 1883 
9 1510 
10 1952 
19 1981 
6 1863 
12 1193 
14 1877 
7 1462 
11 1602 
18 1870 
4 1575 
10 1503 
8 1110 
10 1872 
9 1014 
9 1981 
10 1749 
12 1885 
10 1926 
12 1654 
8 1712 
6 954 
8 1954 
7 1177 
8 1834 
13 1855 
11 1634 
12 1784 
13 1743 
6 1042 
9 1235 
16 1888 
10 1198 
15 1984 
7 1852 
11 1279 
15 1993 
16 1859 
6 1752 
21 1901 
9 1683 
11 1797 
9 1762 
15 1850 
17 1891 
6 1720 
11 1293 
18 1924 
12 1672 
12 1999 
13 1965 
12 1885 
16 1842 
10 1742 
10 1661 
8 1743 
9 1958 
15 1988 
11 1952 
16 1935 
18 1947 
14 1965 
10 1975 
10 1573 
8 1360 
12 1908 
18 1929 
14 1779 
9 1013 
13 1905 
14 1748 
12 1971 
12 1117 
3 1488 
1 1573 
4 1693 
1 968 
1 1980 
2 1416 
2 1409 
2 1156 
0 0 
0 0 
0 0 
4 1821 
2 47 
1 679 
2 1608 
4 1068 
2 484 
2 1942 
1 1146 
1 1064 
3 1422 
0 0 
2 1680 
2 767 
3 1952 
0 0 
1 996 
0 0 
2 1410 
2 1913 
2 511 
0 0 
2 807 
0 0 
2 1136 
2 685 
0 0 
2 1864 
4 1454 
2 1563 
1 882 
1 1516 
2 1658 
2 1978 
2 1957 
2 475 
2 799 
3 1522 
3 1532 
2 615 
0 0 
2 1339 
0 0 
0 0 
2 1318 
0 0 
4 1528 
3 1167 
3 1910 
2 848 
2 435 
2 1841 
1 817 
1 1354 
2 412 
2 1081 
1 189 
4 1564 
1 1271 
0 0 
1 922 
4 1948 
2 1354 
3 1886 
2 529 
2 1901 
2 1101 
2 1817 
2 1897 
0 0 
2 1868 
1 1740 
0 0 
1 565 
1 1928 
3 1720 
1 1256 
3 1977 
2 1494 
1 205 
2 198 
2 923 
2 908 
1 1785 
2 288 
2 1372 
2 1046 
1 1982 
2 1932 
3 1799 
11 1065 
27 1995 
16 1936 
6 564 
0 0 
0 0 
2 1840 
10 1050 
9 1019 
21 1779 
29 1559 
16 1875 
10 931 
15 913 
14 1893 
0 0 
9 1090 
2 1991 
12 1354 
21 1693 
20 1989 
0 0 
32 1691 
14 1537 
23 1774 
2 93 
16 1792 
0 0 
8 1821 
11 1381 
8 1819 
12 1963 
15 1146 
1 287 
0 0 
12 1810 
4 1497 
14 957 
0 0 
4 282 
17 1397 
19 1998 
6 1914 
0 0 
11 1191 
0 0 
0 0 
10 1522 
10 1844 
11 734 
0 0 
23 1511 
4 1997 
10 1615 
12 652 
17 1062 
12 1375 
11 1351 
23 1992 
23 1862 
1 1039 
2 767 
5 1983 
12 1981 
6 949 
0 0 
24 1976 
15 840 
12 1932 
6 1969 
16 1772 
9 1522 
13 1949 
13 1912 
20 1939 
19 1877 
0 0 
13 1763 
0 0 
0 0 
1 216 
0 0 
5 1940 
0 0 
3 473 
0 0 
11 1847 
5 761 
25 1670 
9 1686 
3 1951 
7 1643 
0 0 
17 1763 
8 1990 
7 1702 
6 970 
24 1965 
11 1428 
1 782 
9 1905 
9 1906 
11 1097 
14 1587 
14 1943 
4 1150 
12 1529 
6 1901 
9 1975 
6 1604 
11 1886 
11 1665 
5 1490 
8 1972 
9 1192 
12 1922 
9 1927 
11 1824 
11 1199 
7 1785 
12 1610 
4 1885 
9 1756 
10 1209 
13 1615 
6 1549 
12 1885 
13 1984 
8 1792 
9 1859 
9 1289 
9 1794 
10 835 
14 1641 
9 1800 
16 1924 
12 1888 
8 1733 
10 1897 
14 1997 
7 1458 
12 1646 
11 1752 
14 1681 
10 1959 
13 1680 
10 1555 
6 1098 
8 1015 
15 1967 
12 1930 
12 1917 
11 1440 
20 1968 
11 1462 
9 1398 
10 1834 
12 1582 
9 1819 
13 1699 
11 1934 
10 1340 
12 1640 
7 1177 
10 1938 
14 1684 
6 1577 
12 1818 
9 1375 
6 1292 
11 1979 
10 1899 
12 1749 
13 1727 
14 1430 
10 1792 
15 1870 
12 1696 
9 1496 
10 1683 
15 1861 
7 1646 
9 1381 
13 1806 
17 1628 
9 1756 
12 1905 
9 1977 
6 949 
10 1727 
10 1366 
10 1773 
7 1966 
9 1256 
8 1390 
6 1644 
10 1361 
11 1323 
11 1790 
11 1846 