27 909 
27 1137 
27 1309 
27 1103 
27 1164 
27 818 
27 891 
27 1397 
27 868 
27 752 
27 942 
27 1295 
27 930 
27 649 
27 918 
27 734 
27 879 
27 1382 
27 424 
27 1270 
27 781 
27 1130 
27 760 
27 1045 
27 916 
27 1195 
27 1038 
27 907 
27 613 
27 804 
27 1335 
27 993 
27 576 
27 836 
27 928 
27 855 
27 880 
27 1278 
27 851 
27 760 
27 1110 
27 809 
27 1341 
27 1017 
27 1304 
27 1183 
27 1178 
27 1021 
27 1279 
27 990 
27 919 
27 1140 
27 698 
27 940 
27 957 
27 1055 
27 625 
27 798 
27 937 
27 667 
27 852 
27 1049 
27 1066 
27 1255 
27 1209 
27 1208 
27 1052 
27 1018 
27 753 
27 777 
27 988 
27 961 
27 948 
27 474 
27 844 
27 772 
27 722 
27 1085 
27 1695 
27 1007 
27 854 
27 1110 
27 1220 
27 874 
27 1064 
27 814 
27 1059 
27 951 
27 1053 
27 1161 
27 947 
27 939 
27 975 
27 1067 
27 974 
27 546 
27 1312 
27 890 
27 596 
27 833 
19 822 
19 822 
19 658 
19 939 
19 731 
19 959 
19 814 
19 744 
19 1163 
19 1087 
19 647 
19 730 
19 806 
19 1259 
19 1175 
19 704 
19 837 
19 769 
19 696 
19 719 
19 397 
19 722 
19 1079 
19 526 
19 689 
19 359 
19 715 
19 679 
19 1079 
19 625 
19 1045 
19 678 
19 575 
19 982 
19 770 
19 1176 
19 941 
19 821 
19 683 
19 782 
19 905 
19 722 
19 523 
19 451 
19 742 
19 454 
19 903 
19 848 
19 664 
19 492 
19 768 
19 596 
19 614 
19 1187 
19 646 
19 911 
19 938 
19 1125 
19 1246 
19 770 
19 826 
19 1031 
19 1069 
19 555 
19 969 
19 588 
19 684 
19 830 
19 1073 
19 855 
19 815 
19 487 
19 717 
19 1364 
19 861 
19 1016 
19 539 
19 691 
19 610 
19 1151 
19 660 
19 900 
19 1119 
19 665 
19 991 
19 853 
19 778 
19 1241 
19 992 
19 1208 
19 595 
19 575 
19 874 
19 1017 
19 876 
19 1147 
19 1231 
19 619 
19 972 
19 403 
41 994 
41 1181 
41 751 
41 1253 
41 1070 
41 884 
41 794 
41 1124 
41 947 
41 1205 
41 797 
41 1014 
41 914 
40 1143 
41 1290 
41 673 
41 646 
41 1104 
41 1012 
41 960 
41 980 
41 1050 
41 784 
41 855 
41 680 
41 1015 
41 1157 
41 1507 
41 774 
41 962 
41 1046 
41 1016 
41 866 
41 813 
41 1304 
41 783 
41 837 
41 1425 
41 916 
41 1193 
41 1303 
41 1103 
41 811 
41 1223 
41 879 
41 840 
41 842 
41 1042 
41 563 
41 683 
41 788 
41 1088 
41 1021 
41 850 
41 743 
41 1098 
41 795 
41 1210 
41 996 
41 818 
41 808 
41 947 
41 1128 
41 1075 
41 1160 
41 973 
41 675 
41 648 
41 1178 
41 1048 
41 1130 
41 971 
41 839 
41 759 
41 1139 
41 1401 
41 1050 
41 664 
41 1095 
41 1001 
41 1062 
41 763 
41 579 
41 1745 
41 815 
41 1105 
41 935 
41 742 
41 869 
41 881 
41 736 
41 978 
41 743 
41 919 
41 1072 
41 1183 
41 914 
41 977 
41 897 
41 1096 
8 831 
8 685 
8 519 
8 495 
8 510 
8 621 
8 298 
8 541 
8 314 
8 822 
8 272 
8 477 
8 488 
8 228 
8 548 
8 750 
8 585 
8 479 
8 684 
8 428 
8 366 
8 727 
8 759 
8 799 
8 508 
8 877 
8 526 
8 839 
8 554 
8 436 
8 757 
8 444 
8 581 
8 674 
8 378 
8 667 
8 490 
8 823 
8 258 
8 600 
8 699 
8 392 
8 535 
8 485 
8 852 
8 365 
8 835 
8 825 
8 407 
8 589 
8 626 
8 695 
8 415 
8 318 
8 673 
8 429 
8 539 
8 275 
8 337 
8 655 
8 796 
8 649 
8 872 
8 507 
8 335 
8 495 
8 360 
8 443 
8 443 
8 663 
8 881 
8 608 
8 738 
8 495 
8 1155 
8 363 
8 539 
8 1189 
8 860 
8 759 
8 654 
8 583 
8 744 
8 451 
8 695 
8 692 
8 999 
8 619 
8 960 
8 278 
8 337 
8 756 
8 686 
8 743 
8 586 
8 739 
8 513 
8 699 
8 613 
8 663 
50 809 
50 794 
50 728 
50 1348 
50 806 
50 811 
50 871 
50 708 
50 614 
50 467 
50 403 
50 750 
50 938 
50 595 
50 679 
50 481 
50 816 
50 391 
50 1232 
50 972 
50 1474 
50 1294 
50 1026 
50 467 
50 373 
50 784 
50 547 
50 641 
50 671 
50 703 
50 1045 
50 710 
50 686 
50 477 
50 397 
50 698 
50 635 
50 554 
50 608 
50 649 
50 703 
50 960 
50 652 
50 484 
50 674 
50 653 
50 1034 
50 873 
50 750 
50 1044 
50 718 
50 962 
50 1049 
50 487 
50 835 
50 801 
50 659 
50 779 
50 392 
50 831 
50 692 
50 1199 
50 457 
50 550 
50 972 
50 534 
50 646 
50 768 
50 484 
50 454 
50 757 
50 704 
50 497 
50 544 
50 234 
50 596 
50 281 
50 638 
50 244 
50 1419 
50 439 
50 1332 
50 530 
50 711 
50 608 
50 625 
50 689 
50 916 
50 578 
50 893 
50 671 
50 595 
50 913 
50 1208 
50 1265 
50 756 
50 963 
50 473 
50 1177 
50 696 
27 786 
27 551 
27 389 
27 521 
27 440 
27 460 
27 638 
27 477 
27 452 
27 487 
27 499 
27 423 
27 799 
27 518 
27 477 
27 560 
27 494 
27 527 
27 518 
27 385 
27 539 
27 473 
27 634 
27 626 
27 520 
27 479 
27 393 
27 454 
27 531 
27 658 
27 508 
27 601 
27 752 
27 492 
27 384 
27 527 
27 601 
27 619 
27 589 
27 469 
27 503 
27 692 
27 508 
27 569 
27 423 
27 562 
27 392 
27 725 
27 487 
27 423 
27 469 
27 451 
27 565 
27 495 
27 370 
27 449 
27 534 
27 495 
27 407 
27 568 
27 639 
27 477 
27 450 
27 714 
27 479 
27 582 
27 580 
27 415 
27 528 
27 400 
27 558 
27 307 
27 519 
27 532 
27 470 
27 825 
27 815 
27 531 
27 731 
27 411 
27 645 
27 493 
27 455 
27 485 
27 427 
27 500 
27 550 
27 725 
27 574 
27 492 
27 725 
27 503 
27 662 
27 553 
27 534 
27 496 
27 517 
27 463 
27 688 
27 484 