3 675 
3 1464 
2 1308 
2 507 
0 0 
3 750 
2 1625 
5 1895 
3 825 
4 1021 
2 603 
3 1355 
1 333 
6 761 
2 339 
4 561 
2 829 
4 337 
4 1585 
3 654 
4 1495 
3 667 
4 1701 
3 723 
1 124 
2 680 
3 700 
2 339 
2 1230 
3 298 
3 737 
2 292 
2 1655 
4 592 
2 292 
1 367 
4 491 
3 507 
3 326 
3 531 
3 1299 
3 630 
4 607 
0 0 
0 0 
7 1267 
2 268 
3 1070 
2 1275 
3 972 
1 83 
3 1287 
4 463 
3 431 
2 402 
2 775 
6 724 
2 1559 
2 847 
2 194 
1 373 
4 891 
3 1017 
4 698 
4 1863 
1 505 
1 959 
3 1919 
6 747 
5 1099 
6 836 
1 125 
2 843 
4 1307 
3 1995 
1 108 
0 0 
6 1407 
2 740 
3 123 
3 663 
5 1287 
1 23 
7 1327 
2 358 
3 712 
3 812 
3 761 
1 24 
3 621 
2 1556 
4 915 
5 1252 
3 1039 
2 602 
3 665 
3 828 
0 0 
1 187 
1 579 
6 943 
4 688 
4 1307 
3 1844 
4 1179 
0 0 
3 699 
5 639 
5 1143 
3 615 
6 1376 
2 1991 
1 83 
4 1995 
2 452 
4 1320 
5 1994 
1 1739 
3 1907 
1 217 
3 1996 
3 1331 
2 1863 
8 1699 
2 662 
3 1066 
2 803 
3 1216 
6 680 
5 1463 
4 1079 
1 756 
1 885 
5 1997 
2 807 
4 1263 
1 855 
1 223 
4 1930 
3 746 
2 1341 
1 751 
1 503 
3 215 
2 1218 
1 1120 
1 343 
4 1998 
6 1103 
3 1998 
2 1199 
6 1760 
5 994 
1 217 
3 1137 
2 603 
4 1310 
2 1993 
5 905 
1 487 
1 1644 
3 545 
6 1363 
1 1129 
4 615 
3 1350 
7 1135 
3 1583 
5 1955 
4 1576 
2 1111 
7 1547 
1 1151 
4 1994 
3 760 
2 1287 
2 1054 
4 1395 
4 1195 
0 0 
3 1931 
3 1061 
2 979 
2 691 
3 835 
1 1215 
3 811 
4 1406 
4 1463 
6 1159 
4 1379 
5 1117 
5 1587 
4 1403 
4 778 
1 143 
4 570 
4 967 
5 1696 
2 304 
2 271 
3 1215 
4 1289 
0 0 
0 0 
2 1030 
1 955 
2 602 
3 1396 
3 977 
2 484 
3 511 
2 369 
3 1811 
2 752 
4 1282 
4 804 
2 1110 
4 452 
6 1159 
4 1155 
1 798 
1 271 
3 467 
4 349 
4 375 
3 1024 
1 106 
0 0 
4 1357 
3 619 
1 1064 
4 1931 
1 699 
3 1523 
2 479 
2 427 
2 1424 
3 848 
3 907 
5 1568 
0 0 
6 1763 
3 1979 
5 640 
4 1999 
1 173 
2 175 
4 668 
5 1080 
2 360 
3 521 
6 1995 
4 1437 
3 805 
3 436 
3 463 
5 1996 
5 739 
4 1400 
5 1159 
2 202 
2 863 
3 875 
8 1170 
3 1996 
5 719 
4 1210 
2 384 
1 143 
4 1091 
2 672 
4 1311 
3 1667 
4 862 
2 907 
4 1387 
2 1250 
4 1129 
2 498 
4 491 
1 108 
3 646 
3 1353 
4 991 
3 437 
2 207 
3 631 
2 875 
7 1993 
4 1319 
4 1071 
1 495 
8 1195 
0 0 
1 1611 
4 923 
2 978 
2 238 
7 1712 
0 0 
0 0 
1 625 
0 0 
1 23 
0 0 
1 23 
1 509 
0 0 
1 23 
1 831 
1 903 
1 937 
1 20 
1 602 
0 0 
1 23 
0 0 
0 0 
0 0 
0 0 
1 319 
1 731 
0 0 
0 0 
1 227 
2 201 
2 1997 
0 0 
0 0 
0 0 
1 19 
1 413 
0 0 
0 0 
0 0 
1 23 
0 0 
1 735 
1 67 
0 0 
0 0 
0 0 
1 24 
1 903 
0 0 
1 1388 
1 25 
1 24 
0 0 
1 923 
0 0 
0 0 
2 1827 
0 0 
0 0 
0 0 
0 0 
2 1999 
0 0 
1 463 
1 20 
2 811 
0 0 
3 807 
0 0 
0 0 
0 0 
1 1997 
2 596 
1 23 
1 423 
1 286 
0 0 
0 0 
0 0 
1 23 
0 0 
1 26 
0 0 
0 0 
2 232 
1 23 
0 0 
0 0 
0 0 
1 23 
0 0 
1 24 
0 0 
0 0 
0 0 
1 23 
2 1003 
0 0 
1 1205 
1 23 
0 0 
1 19 
1 27 
3 162 
4 256 
6 523 
4 327 
5 459 
5 1683 
6 870 
4 1755 
4 1112 
6 433 
10 1966 
5 313 
5 270 
6 685 
5 439 
7 1815 
6 599 
4 591 
5 802 
4 699 
4 408 
6 1031 
4 560 
5 1003 
5 783 
4 903 
3 1072 
4 1382 
4 493 
6 471 
1 532 
5 504 
7 519 
3 272 
3 675 
6 604 
6 617 
4 309 
5 471 
3 466 
4 1095 
5 984 
2 163 
4 522 
7 958 
4 732 
6 807 
5 578 
3 442 
4 863 
6 1045 
2 263 
3 1872 
4 411 
6 1063 
2 252 
6 628 
6 647 
1 213 
3 436 
5 539 
4 189 
4 1559 
5 707 
2 261 
6 1995 
4 1723 
3 248 
2 298 
3 482 
5 724 
4 217 
5 1437 
5 838 
6 287 
5 1446 
6 240 
4 429 
5 811 
4 611 
9 640 
6 535 
3 318 
4 758 
7 359 
7 1680 
6 583 
5 139 
9 860 
6 650 
2 360 
3 205 
4 635 
5 1676 
5 449 
4 767 
5 395 
6 552 
4 685 
7 973 
4 458 
2 422 
3 1963 
3 683 
3 400 
1 717 
4 939 
3 1057 
3 1231 
4 488 
2 252 
5 1109 
2 463 
0 0 
1 603 
4 606 
1 473 
5 267 
2 130 
3 715 
3 403 
2 568 
4 304 
6 615 
3 79 
4 896 
2 532 
4 1887 
3 67 
2 1279 
2 1424 
2 841 
4 429 
2 845 
2 589 
4 423 
3 184 
3 599 
2 324 
6 1168 
2 1461 
2 138 
5 1999 
2 383 
3 386 
3 203 
3 537 
1 493 
2 205 
2 433 
5 474 
2 468 
1 84 
2 544 
0 0 
3 1503 
4 629 
0 0 
3 453 
5 531 
1 397 
2 793 
2 1995 
4 1332 
3 548 
4 1132 
1 599 
1 546 
2 219 
2 1559 
1 329 
4 369 
3 595 
1 166 
2 608 
0 0 
3 92 
1 588 
1 548 
1 203 
4 732 
1 387 
2 323 
3 330 
3 639 
2 1998 
4 536 
0 0 
5 539 
2 1997 
2 441 
2 1998 
3 792 
4 1983 
3 1064 
3 606 
3 397 
1 1184 
4 542 
3 532 