2 124 1220 0 10 0 376 
2 114 1843 0 9 0 302 
2 132 1254 0 9 0 1630 
2 134 1744 0 5 0 698 
2 116 1684 0 9 0 1093 
2 110 455 0 18 0 329 
2 121 1705 0 5 0 1046 
2 28 152 0 7 0 65 
2 120 1730 0 13 0 1386 
2 129 985 0 11 0 1269 
2 136 1573 0 7 0 1320 
2 120 839 0 9 0 1059 
2 125 1687 0 7 0 1034 
2 139 395 0 5 0 660 
2 125 1309 0 10 0 1397 
2 125 1711 0 7 0 1001 
2 23 171 0 5 0 53 
2 123 892 0 12 0 1017 
2 127 1642 0 10 0 990 
2 127 1555 0 17 0 1985 
2 139 1563 0 5 0 1799 
2 136 1732 0 5 0 1328 
2 135 1667 0 8 0 1922 
2 126 1636 0 7 0 1079 
2 142 1688 0 6 0 1399 
2 119 501 0 6 0 559 
2 134 1709 0 7 0 841 
2 119 1698 0 9 0 1886 
2 127 1748 0 6 0 1532 
2 108 324 0 20 0 301 
2 111 1838 0 8 0 249 
2 127 1802 0 4 0 672 
2 138 1504 0 6 0 1549 
2 122 1729 0 5 0 1822 
2 136 1267 0 8 0 1096 
2 25 164 0 4 0 56 
2 124 1759 0 5 0 1507 
2 126 1830 0 8 0 384 
2 94 398 0 9 0 245 
2 128 1677 0 4 0 1998 
2 125 1681 0 4 0 886 
2 116 1007 0 5 0 1315 
2 125 1693 0 7 0 1748 
2 138 1595 0 5 0 1780 
2 128 1710 0 12 0 680 
2 56 517 0 10 0 126 
2 133 1765 0 6 0 1912 
2 106 1684 0 5 0 552 
2 105 455 0 4 0 549 
2 122 259 0 11 0 317 
2 28 178 0 8 0 68 
2 121 420 0 10 0 325 
2 127 1621 0 11 0 1757 
2 123 1637 0 5 0 1074 
2 121 1706 0 8 0 1146 
2 121 592 0 7 0 669 
2 135 1714 0 7 0 1754 
2 121 1531 0 10 0 1570 
2 137 1632 0 7 0 1775 
2 121 1708 0 9 0 1056 
2 43 352 0 15 0 104 
2 107 1673 0 8 0 806 
2 114 708 0 7 0 897 
2 29 140 0 7 0 64 
2 133 1610 0 6 0 1519 
2 119 1775 0 9 0 885 
2 125 1774 0 13 0 892 
2 137 1703 0 7 0 1268 
2 132 1661 0 8 0 658 
2 122 543 0 6 0 672 
2 29 181 0 10 0 74 
2 125 1687 0 9 0 1880 
2 98 123 0 7 0 239 
2 89 241 0 7 0 383 
2 110 1789 0 9 0 331 
2 126 1749 0 10 0 1895 
2 120 957 0 7 0 746 
2 76 105 0 9 0 185 
2 124 1725 0 6 0 812 
2 121 1026 0 7 0 769 
2 116 1682 0 6 0 1826 
2 94 1738 0 9 0 628 
2 135 1193 0 8 0 1138 
2 128 1635 0 4 0 1882 
2 133 1712 0 9 0 996 
2 70 399 0 13 0 515 
2 127 1679 0 8 0 1541 
2 111 1817 0 5 0 1998 
2 133 1672 0 16 0 687 
2 131 1746 0 7 0 687 
2 119 942 0 8 0 754 
2 127 1341 0 6 0 468 
2 121 1701 0 5 0 592 
2 126 1668 0 8 0 1635 
2 126 1737 0 18 0 1025 
2 116 1667 0 5 0 1807 
2 111 1760 0 16 0 1136 
2 87 592 0 14 0 198 
2 118 1839 0 9 0 1819 
2 128 1741 0 10 0 1236 
2 104 1701 0 2 0 504 
2 103 1678 0 4 0 1025 
2 100 1825 0 3 0 1137 
2 99 1749 0 2 0 954 
2 74 1682 0 5 0 807 
2 93 1680 0 3 0 1636 
2 104 1738 0 3 0 259 
2 106 1740 0 3 0 944 
2 96 1790 0 3 0 808 
2 88 1814 0 9 0 1542 
2 92 1807 0 4 0 275 
2 96 1834 0 12 0 1072 
2 76 1845 0 2 0 380 
2 90 1825 0 2 0 374 
2 102 1770 0 2 0 696 
2 108 1752 0 4 0 1227 
2 82 1813 0 7 0 867 
2 105 1678 0 4 0 1675 
2 106 1593 0 7 0 1028 
2 99 1739 0 3 0 730 
2 104 1777 0 6 0 1422 
2 92 1804 0 2 0 243 
2 109 1750 0 4 0 1240 
2 103 1722 0 4 0 1159 
2 88 1797 0 4 0 1316 
2 106 1735 0 3 0 564 
2 106 1702 0 3 0 1147 
2 105 1787 0 3 0 1032 
2 108 1749 0 4 0 1694 
2 88 1872 0 5 0 1268 
2 103 1773 0 3 0 557 
2 102 1592 0 3 0 997 
2 100 1751 0 3 0 1177 
2 103 1777 0 7 0 462 
2 106 1635 0 6 0 1996 
2 105 1696 0 3 0 1515 
2 99 1701 0 2 0 1916 
2 68 1776 0 2 0 1854 
2 82 1715 0 4 0 383 
2 106 1734 0 11 0 984 
2 89 1834 0 4 0 1602 
2 101 1658 0 4 0 1323 
2 91 1855 0 5 0 310 
2 101 1783 0 5 0 1149 
2 93 387 0 7 0 220 
2 92 1768 0 3 0 797 
2 104 1815 0 6 0 329 
2 95 1854 0 2 0 428 
2 108 1514 0 10 0 1855 
2 87 916 0 3 0 1036 
2 110 1685 0 3 0 1734 
2 106 1613 0 7 0 1559 
2 81 1865 0 3 0 213 
2 107 1729 0 5 0 1022 
2 108 1766 0 3 0 1730 
2 105 1645 0 2 0 1718 
2 82 1844 0 3 0 1563 
2 107 1683 0 10 0 1635 
2 66 1893 0 3 0 153 
2 89 1849 0 3 0 515 
2 97 1861 0 3 0 310 
2 76 1882 0 13 0 605 
2 103 1111 0 9 0 980 
2 59 1916 0 7 0 148 
2 82 1550 0 10 0 218 
2 106 1743 0 4 0 684 
2 104 381 0 3 0 537 
2 89 1844 0 7 0 1428 
2 70 1878 0 3 0 712 
2 102 1712 0 2 0 956 
2 109 1634 0 2 0 822 
2 103 1560 0 5 0 851 
2 94 1809 0 3 0 272 
2 103 1676 0 11 0 399 
2 106 1727 0 3 0 898 
2 106 1807 0 6 0 454 
2 106 1761 0 8 0 1715 
2 103 1789 0 10 0 871 
2 99 1747 0 7 0 488 
2 100 1616 0 3 0 494 
2 102 1788 0 4 0 1646 
2 80 522 0 3 0 206 
2 102 970 0 2 0 846 
2 102 1863 0 3 0 246 
2 92 1760 0 6 0 1924 
2 78 1882 0 3 0 1204 
2 101 1195 0 5 0 1049 
2 108 1710 0 3 0 1188 
2 76 1828 0 3 0 1313 
2 99 1800 0 3 0 872 
2 108 1539 0 2 0 1944 
2 87 1852 0 4 0 712 
2 99 1510 0 4 0 488 
2 108 1766 0 3 0 1696 
2 105 1616 0 3 0 1331 
2 84 1800 0 3 0 1703 
2 107 1750 0 3 0 1841 
2 101 1647 0 9 0 1571 
2 81 1881 0 7 0 194 
2 88 1769 0 4 0 1843 
2 132 1557 0 10 0 1600 
2 130 577 0 25 0 788 
2 132 1739 0 10 0 423 
2 129 1727 0 22 0 1853 
2 127 1633 0 7 0 1088 
2 126 1660 0 29 0 1484 
2 118 1789 0 17 0 629 
2 132 378 0 10 0 661 
2 65 82 0 27 0 149 
2 128 1695 0 11 0 890 
2 123 755 0 8 0 676 
2 130 1669 0 23 0 1998 
2 125 1837 0 21 0 316 
2 134 1713 0 14 0 1832 
2 134 380 0 13 0 570 
2 126 1684 0 8 0 1991 
2 128 1798 0 8 0 795 
2 108 1768 0 8 0 1779 
2 128 1748 0 16 0 546 
2 133 1664 0 9 0 499 
2 121 1792 0 25 0 489 
2 126 1835 0 10 0 318 
2 124 347 0 41 0 428 
2 105 1807 0 10 0 348 
2 131 1313 0 28 0 1396 
2 134 1468 0 26 0 1759 
2 115 1744 0 23 0 1157 
2 134 1638 0 30 0 984 
2 115 1824 0 25 0 1628 
2 119 1339 0 24 0 1617 
2 130 1797 0 28 0 1036 
2 125 1708 0 8 0 585 
2 71 97 0 11 0 185 
2 112 1863 0 10 0 321 
2 125 1636 0 28 0 1228 
2 114 1717 0 27 0 1972 
2 98 547 0 31 0 240 
2 53 57 0 25 0 124 
2 117 1697 0 14 0 1930 
2 117 1759 0 22 0 714 
2 129 1737 0 21 0 731 
2 127 1748 0 12 0 664 
2 128 1769 0 44 0 639 
2 116 1728 0 23 0 936 
2 114 1802 0 20 0 959 
2 131 1788 0 10 0 975 
2 128 1766 0 35 0 591 
2 123 1780 0 31 0 1895 
2 131 1782 0 24 0 1168 
2 136 1617 0 8 0 935 
2 112 751 0 11 0 274 
2 132 1600 0 14 0 1932 
2 109 822 0 21 0 845 
2 131 825 0 31 0 1086 
2 97 1866 0 36 0 604 
2 128 1709 0 18 0 1962 
2 116 290 0 27 0 279 
2 126 1681 0 43 0 654 
2 125 1040 0 26 0 1323 
2 127 1687 0 18 0 1998 
2 103 147 0 13 0 312 
2 131 419 0 25 0 488 
2 49 52 0 22 0 108 
2 134 1622 0 10 0 743 
2 130 1676 0 11 0 826 
2 120 620 0 20 0 862 
2 128 595 0 21 0 566 
2 126 1795 0 9 0 1094 
2 126 1755 0 19 0 675 
2 131 1671 0 26 0 1329 
2 131 1612 0 31 0 1861 
2 98 654 0 19 0 199 
2 125 1674 0 9 0 834 
2 127 710 0 7 0 614 
2 130 1686 0 29 0 1206 
2 131 1524 0 25 0 1806 
2 132 1670 0 10 0 1014 
2 131 1716 0 7 0 1770 
2 133 725 0 17 0 626 
2 128 616 0 8 0 414 
2 111 1702 0 8 0 880 
2 134 1654 0 31 0 1098 
2 83 308 0 24 0 186 
2 86 587 0 25 0 175 
2 128 764 0 23 0 858 
2 96 118 0 7 0 242 
2 69 1798 0 10 0 674 
2 129 1689 0 38 0 1099 
2 116 1844 0 27 0 422 
2 132 1596 0 17 0 1901 
2 109 1844 0 23 0 282 
2 131 1699 0 7 0 583 
2 122 1826 0 27 0 443 
2 132 1597 0 8 0 824 
2 130 418 0 28 0 728 
2 126 1783 0 8 0 905 
2 130 699 0 24 0 655 
2 133 1732 0 10 0 1096 
2 134 1171 0 7 0 1337 
2 131 1741 0 23 0 571 
2 84 1760 0 8 0 216 
2 86 1777 0 12 0 569 
2 82 1855 0 11 0 253 
2 85 1871 0 17 0 1697 
2 86 1763 0 50 0 1947 
2 83 1830 0 41 0 1109 
2 74 1863 0 11 0 184 
2 85 1810 0 11 0 202 
2 83 1858 0 64 0 500 
2 82 1803 0 10 0 238 
2 84 1711 0 16 0 1929 
2 86 1819 0 6 0 589 
2 84 1650 0 51 0 1095 
2 86 1820 0 11 0 855 
2 86 1814 0 14 0 281 
2 83 1828 0 23 0 495 
2 74 1863 0 6 0 1694 
2 69 1858 0 12 0 211 
2 83 1822 0 17 0 214 
2 85 1827 0 10 0 1290 
2 69 1787 0 62 0 366 
2 81 1880 0 46 0 1949 
2 79 1833 0 10 0 1085 
2 85 1829 0 51 0 1084 
2 77 1874 0 46 0 181 
2 80 1877 0 45 0 214 
2 82 1835 0 8 0 216 
2 80 1784 0 14 0 827 
2 67 1833 0 9 0 1603 
2 85 1820 0 10 0 1023 
2 82 1834 0 9 0 421 
2 86 1781 0 13 0 256 
2 86 1791 0 8 0 1961 
2 88 960 0 13 0 1067 
2 86 1822 0 8 0 1792 
2 63 1781 0 92 0 986 
2 85 1753 0 13 0 774 
2 83 1785 0 10 0 743 
2 85 1831 0 6 0 324 
2 57 1825 0 6 0 978 
2 82 1847 0 7 0 232 
2 86 1802 0 12 0 1536 
2 84 1831 0 14 0 767 
2 85 1860 0 6 0 786 
2 85 1878 0 12 0 380 
2 80 1760 0 12 0 239 
2 45 1905 0 10 0 636 
2 83 1840 0 13 0 783 
2 85 1862 0 43 0 674 
2 83 1799 0 15 0 531 
2 82 1879 0 6 0 201 
2 77 1840 0 9 0 178 
2 85 1744 0 13 0 629 
2 89 1826 0 5 0 1988 
2 86 1815 0 8 0 266 
2 68 1808 0 8 0 1971 
2 80 1833 0 56 0 1083 
2 79 1790 0 6 0 916 
2 81 1802 0 16 0 303 
2 72 1824 0 47 0 210 
2 86 1782 0 14 0 407 
2 83 1795 0 10 0 359 
2 83 1831 0 14 0 410 
2 82 1781 0 11 0 265 
2 81 1775 0 9 0 656 
2 85 1851 0 12 0 869 
2 86 1801 0 7 0 799 
2 82 1692 0 10 0 841 
2 83 1789 0 11 0 586 
2 85 1754 0 18 0 622 
2 85 1805 0 14 0 803 
2 85 1833 0 7 0 1605 
2 87 1703 0 48 0 814 
2 85 1637 0 6 0 184 
2 84 1773 0 13 0 236 
2 82 1871 0 7 0 225 
2 80 1880 0 52 0 1384 
2 42 1860 0 9 0 1031 
2 46 1891 0 8 0 1029 
2 85 1793 0 13 0 1059 
2 86 1777 0 15 0 773 
2 81 1808 0 13 0 198 
2 58 1889 0 44 0 1723 
2 85 1821 0 47 0 542 
2 75 1853 0 17 0 197 
2 81 1822 0 10 0 279 
2 84 1858 0 16 0 218 
2 79 1798 0 16 0 244 
2 86 1703 0 14 0 795 
2 74 1804 0 45 0 420 
2 87 1777 0 9 0 1668 
2 55 1784 0 11 0 779 
2 67 1827 0 70 0 467 
2 84 1743 0 12 0 636 
2 86 1748 0 24 0 282 
2 84 1724 0 8 0 802 
2 85 1808 0 14 0 1786 
2 82 1792 0 13 0 1365 
2 58 1802 0 16 0 1362 
2 79 1844 0 11 0 586 
2 33 41 0 90 0 95 
2 116 1010 0 68 0 271 
2 103 1515 0 64 0 267 
2 96 1179 0 15 0 250 
2 49 218 0 50 0 108 
2 90 1763 0 77 0 618 
2 96 485 0 52 0 218 
2 89 967 0 68 0 849 
1 28 34 0 0 0 78 
2 86 1697 0 59 0 1298 
2 111 516 0 66 0 245 
2 27 31 0 55 0 73 
2 59 63 0 64 0 139 
2 115 1736 0 50 0 332 
2 92 167 0 65 0 325 
2 79 1809 0 86 0 228 
2 51 61 0 47 0 144 
1 26 28 0 0 0 51 
2 32 36 0 72 0 77 
2 103 649 0 75 0 278 
2 114 292 0 52 0 403 
2 115 797 0 48 0 1047 
2 59 78 0 51 0 180 
2 98 1032 0 66 0 245 
2 64 241 0 51 0 428 
2 92 103 0 52 0 211 
2 21 28 0 18 0 52 
2 106 1008 0 53 0 1064 
2 97 1655 0 76 0 203 
1 48 71 0 0 0 177 
2 54 65 0 50 0 118 
2 38 225 0 15 0 140 
2 88 295 0 68 0 309 
2 72 1834 0 67 0 444 
2 69 91 0 89 0 182 
2 40 47 0 75 0 109 
2 18 20 0 22 0 48 
2 35 41 0 79 0 90 
2 88 101 0 51 0 187 
2 63 673 0 54 0 134 
2 105 1840 0 67 0 259 
2 56 464 0 49 0 135 
2 51 1784 0 49 0 308 
2 116 1808 0 66 0 637 
2 117 744 0 54 0 932 
2 77 1045 0 68 0 170 
2 102 1330 0 73 0 1391 
2 85 1769 0 54 0 1979 
2 115 807 0 66 0 864 
2 43 55 0 60 0 109 
2 100 664 0 50 0 227 
2 48 1893 0 12 0 102 
2 68 81 0 75 0 185 
2 41 45 0 66 0 98 
2 53 63 0 65 0 106 
2 74 1835 0 56 0 361 
2 73 75 0 65 0 170 
2 104 1233 0 68 0 768 
2 77 1275 0 61 0 852 
2 56 61 0 54 0 140 
2 45 53 0 58 0 102 
2 80 1849 0 71 0 163 
2 100 1796 0 54 0 1052 
2 115 1559 0 14 0 1792 
2 76 1875 0 11 0 597 
2 81 1814 0 69 0 522 
2 71 156 0 69 0 268 
2 59 253 0 69 0 183 
2 116 757 0 48 0 915 
2 58 471 0 98 0 143 
2 62 73 0 58 0 163 
2 90 104 0 52 0 217 
2 104 1846 0 71 0 305 
2 91 1002 0 66 0 1180 
2 114 1775 0 50 0 532 
2 36 219 0 12 0 191 
2 53 78 0 51 0 164 
1 29 35 0 0 0 65 
2 71 315 0 52 0 423 
2 39 60 0 101 0 128 
2 54 61 0 49 0 126 
2 69 402 0 68 0 571 
2 111 486 0 66 0 628 
2 85 1647 0 68 0 289 
2 109 350 0 51 0 548 
2 38 39 0 48 0 82 
2 102 1809 0 71 0 1462 
2 41 291 0 48 0 241 
2 115 1748 0 62 0 367 
2 93 960 0 50 0 236 
2 117 214 0 50 0 304 
2 77 568 0 50 0 181 
2 33 34 0 52 0 76 
2 82 107 0 49 0 189 
2 64 309 0 70 0 188 
2 63 415 0 18 0 417 
2 57 62 0 65 0 147 
2 83 122 0 49 0 236 
2 113 1742 0 74 0 466 
2 99 1824 0 53 0 286 
1 107 1855 0 3 0 590 
1 107 1862 0 3 0 275 
1 109 1857 0 2 0 429 
1 78 1906 0 2 0 169 
1 107 1863 0 3 0 287 
1 107 1864 0 2 0 256 
1 110 1851 0 2 0 699 
1 106 1865 0 2 0 274 
1 111 1832 0 2 0 961 
1 69 1906 0 2 0 154 
1 106 1845 0 3 0 311 
1 107 1865 0 3 0 257 
1 107 1863 0 2 0 284 
1 108 1842 0 2 0 340 
1 105 1862 0 2 0 245 
1 111 1843 0 2 0 1817 
1 107 1861 0 2 0 339 
1 108 1865 0 2 0 250 
1 107 1867 0 3 0 275 
1 111 1843 0 2 0 895 
1 98 1811 0 2 0 224 
1 107 1856 0 3 0 341 
1 102 1815 0 2 0 1758 
1 106 1863 0 2 0 341 
1 107 1863 0 2 0 332 
1 107 1869 0 3 0 241 
1 106 1860 0 3 0 300 
1 111 1845 0 2 0 1692 
1 111 1847 0 3 0 1818 
1 106 1866 0 2 0 240 
1 107 1856 0 3 0 531 
1 107 1867 0 2 0 275 
1 81 1890 0 2 0 196 
1 107 1869 0 2 0 259 
1 111 1841 0 2 0 417 
1 81 1878 0 2 0 273 
1 107 1865 0 2 0 257 
1 106 1861 0 2 0 271 
1 89 1876 0 2 0 290 
1 90 1864 0 2 0 1654 
1 110 1817 0 2 0 1902 
1 107 1851 0 2 0 350 
1 106 1866 0 2 0 250 
1 107 1861 0 3 0 276 
1 107 1854 0 3 0 1393 
1 82 1874 0 2 0 191 
1 105 1871 0 2 0 256 
1 108 1857 0 3 0 391 
1 107 1867 0 2 0 281 
1 107 1848 0 2 0 276 
1 107 1863 0 2 0 272 
1 110 1819 0 2 0 630 
1 110 1849 0 2 0 330 
1 107 1858 0 3 0 293 
1 107 1857 0 2 0 606 
1 107 1868 0 2 0 278 
1 107 1859 0 2 0 291 
1 107 1862 0 2 0 324 
1 111 1855 0 2 0 606 
1 107 1867 0 2 0 280 
1 109 1818 0 2 0 1499 
1 107 1869 0 2 0 266 
1 99 1840 0 2 0 470 
1 106 1856 0 2 0 406 
1 107 1860 0 2 0 325 
1 107 1865 0 2 0 255 
1 107 1861 0 2 0 254 
1 90 1873 0 2 0 259 
1 106 1855 0 2 0 260 
1 111 1825 0 3 0 1341 
1 107 1863 0 2 0 249 
1 106 1849 0 3 0 243 
1 108 1866 0 2 0 398 
1 98 1873 0 2 0 317 
1 111 1855 0 2 0 1109 
1 105 1860 0 2 0 294 
1 107 1867 0 2 0 266 
1 104 1869 0 3 0 249 
1 107 1853 0 2 0 296 
1 90 1865 0 2 0 377 
1 82 1881 0 2 0 184 
1 81 1874 0 2 0 187 
1 107 1864 0 3 0 341 
1 82 1859 0 2 0 196 
1 107 1854 0 2 0 283 
1 107 1853 0 2 0 688 
1 108 1851 0 2 0 298 
1 111 1816 0 2 0 472 
1 105 1866 0 3 0 245 
1 107 1850 0 2 0 344 
1 107 1869 0 2 0 318 
1 111 1823 0 3 0 295 
1 107 1867 0 2 0 271 
1 108 1852 0 2 0 552 
1 107 1834 0 2 0 652 
1 107 1868 0 2 0 273 
1 82 1881 0 3 0 194 
1 107 1869 0 3 0 325 
1 106 1857 0 2 0 254 
1 80 1897 0 3 0 175 