145 0.7038834951456311 1395 
128 0.6213592233009708 290 
162 0.7864077669902912 1624 
153 0.7427184466019418 698 
141 0.6844660194174758 1413 
121 0.587378640776699 323 
151 0.7330097087378641 1173 
37 0.1796116504854369 65 
150 0.7281553398058253 1578 
149 0.7233009708737864 1089 
171 0.8300970873786407 1948 
155 0.7524271844660194 1089 
144 0.6990291262135923 1644 
165 0.8009708737864077 658 
160 0.7766990291262136 1397 
161 0.7815533980582524 1488 
31 0.15048543689320387 202 
152 0.7378640776699029 988 
162 0.7864077669902912 1494 
152 0.7378640776699029 1985 
169 0.8203883495145631 1799 
159 0.7718446601941747 1321 
160 0.7766990291262136 1969 
156 0.7572815533980582 1269 
174 0.8446601941747572 1936 
145 0.7038834951456311 684 
155 0.7524271844660194 868 
155 0.7524271844660194 1887 
148 0.7184466019417476 1531 
130 0.6310679611650486 285 
132 0.6407766990291263 915 
144 0.6990291262135923 741 
169 0.8203883495145631 1926 
156 0.7572815533980582 1823 
168 0.8155339805825242 1586 
28 0.13592233009708737 121 
161 0.7815533980582524 1507 
139 0.6747572815533981 1992 
111 0.5388349514563107 561 
161 0.7815533980582524 2000 
151 0.7330097087378641 887 
141 0.6844660194174758 1304 
162 0.7864077669902912 1749 
162 0.7864077669902912 1786 
155 0.7524271844660194 1906 
73 0.35436893203883496 596 
152 0.7378640776699029 1980 
120 0.5825242718446602 455 
131 0.6359223300970874 562 
153 0.7427184466019418 446 
31 0.15048543689320387 230 
133 0.6456310679611651 355 
165 0.8009708737864077 1750 
150 0.7281553398058253 1451 
150 0.7281553398058253 1634 
150 0.7281553398058253 877 
163 0.7912621359223301 1739 
154 0.7475728155339806 1571 
169 0.8203883495145631 1641 
145 0.7038834951456311 1056 
62 0.30097087378640774 427 
131 0.6359223300970874 540 
144 0.6990291262135923 895 
33 0.16019417475728157 194 
161 0.7815533980582524 1519 
151 0.7330097087378641 882 
149 0.7233009708737864 1326 
156 0.7572815533980582 1986 
156 0.7572815533980582 806 
143 0.6941747572815534 755 
38 0.18446601941747573 228 
151 0.7330097087378641 1880 
122 0.5922330097087378 252 
112 0.5436893203883495 389 
133 0.6456310679611651 816 
152 0.7378640776699029 1894 
132 0.6407766990291263 531 
87 0.4223300970873786 189 
148 0.7184466019417476 552 
149 0.7233009708737864 766 
140 0.6796116504854369 1827 
110 0.5339805825242718 630 
158 0.7669902912621359 1461 
162 0.7864077669902912 1879 
153 0.7427184466019418 1000 
93 0.45145631067961167 520 
157 0.7621359223300971 1811 
139 0.6747572815533981 2000 
168 0.8155339805825242 1211 
145 0.7038834951456311 680 
155 0.7524271844660194 792 
155 0.7524271844660194 1521 
152 0.7378640776699029 1769 
156 0.7572815533980582 1895 
149 0.7233009708737864 1714 
149 0.7233009708737864 1996 
138 0.6699029126213593 1680 
100 0.4854368932038835 712 
134 0.6504854368932039 275 
148 0.7184466019417476 1229 
139 0.6465116279069767 504 
147 0.6837209302325581 1406 
130 0.6046511627906976 1138 
144 0.6697674418604651 1052 
107 0.49767441860465117 807 
128 0.5953488372093023 1644 
134 0.6232558139534884 1021 
149 0.6930232558139535 954 
121 0.5627906976744186 1379 
114 0.5302325581395348 1508 
121 0.5627906976744186 423 
119 0.5534883720930233 1072 
102 0.4744186046511628 380 
120 0.5581395348837209 375 
142 0.6604651162790698 700 
141 0.6558139534883721 1219 
109 0.5069767441860465 867 
138 0.641860465116279 759 
149 0.6930232558139535 1870 
124 0.5767441860465117 1951 
148 0.6883720930232559 1049 
123 0.5720930232558139 664 
145 0.6744186046511628 1659 
150 0.6976744186046512 1399 
122 0.5674418604651162 1809 
143 0.6651162790697674 1799 
140 0.6511627906976745 1793 
131 0.6093023255813953 1032 
145 0.6744186046511628 1694 
111 0.5162790697674419 1270 
135 0.627906976744186 1993 
144 0.6697674418604651 1677 
140 0.6511627906976745 1146 
129 0.6 462 
145 0.6744186046511628 1996 
142 0.6604651162790698 1515 
122 0.5674418604651162 1910 
91 0.4232558139534884 1006 
120 0.5581395348837209 775 
149 0.6930232558139535 1472 
118 0.5488372093023256 1602 
151 0.7023255813953488 1920 
120 0.5581395348837209 310 
135 0.627906976744186 1149 
126 0.586046511627907 580 
117 0.5441860465116279 1959 
139 0.6465116279069767 329 
117 0.5441860465116279 428 
148 0.6883720930232559 1855 
130 0.6046511627906976 1109 
155 0.7209302325581395 1733 
145 0.6744186046511628 1547 
98 0.4558139534883721 213 
145 0.6744186046511628 1022 
148 0.6883720930232559 1784 
158 0.7348837209302326 1718 
111 0.5162790697674419 1563 
157 0.7302325581395349 1965 
85 0.3953488372093023 153 
119 0.5534883720930233 515 
122 0.5674418604651162 310 
105 0.4883720930232558 606 
133 0.6186046511627907 308 
81 0.3767441860465116 148 
112 0.5209302325581395 1311 
140 0.6511627906976745 1234 
131 0.6093023255813953 281 
116 0.5395348837209303 1603 
81 0.3767441860465116 712 
155 0.7209302325581395 956 
147 0.6837209302325581 1836 
138 0.641860465116279 1730 
126 0.586046511627907 1494 
134 0.6232558139534884 1108 
143 0.6651162790697674 1366 
141 0.6558139534883721 454 
153 0.7116279069767442 1715 
132 0.6139534883720931 871 
131 0.6093023255813953 1878 
137 0.6372093023255814 1622 
130 0.6046511627906976 1646 
100 0.46511627906976744 222 
136 0.6325581395348837 846 
124 0.5767441860465117 245 
131 0.6093023255813953 1924 
102 0.4744186046511628 1206 
125 0.5813953488372093 1044 
146 0.6790697674418604 1995 
105 0.4883720930232558 1314 
131 0.6093023255813953 872 
165 0.7674418604651163 1944 
105 0.4883720930232558 712 
123 0.5720930232558139 1411 
143 0.6651162790697674 1626 
147 0.6837209302325581 1331 
103 0.4790697674418605 1714 
150 0.6976744186046512 1839 
130 0.6046511627906976 1578 
110 0.5116279069767442 188 
122 0.5674418604651162 1221 
164 0.7557603686635944 1743 
170 0.783410138248848 832 
158 0.728110599078341 1708 
160 0.7373271889400922 1853 
166 0.7649769585253456 1088 
165 0.7603686635944701 1769 
146 0.6728110599078341 629 
178 0.8202764976958525 727 
83 0.3824884792626728 142 
154 0.7096774193548387 890 
149 0.6866359447004609 961 
159 0.7327188940092166 1998 
146 0.6728110599078341 312 
159 0.7327188940092166 1832 
159 0.7327188940092166 612 
156 0.7188940092165899 1992 
146 0.6728110599078341 794 
139 0.6405529953917051 1973 
155 0.7142857142857143 546 
155 0.7142857142857143 1784 
140 0.6451612903225806 489 
142 0.6543778801843319 315 
150 0.6912442396313364 547 
118 0.543778801843318 441 
161 0.7419354838709677 1383 
166 0.7649769585253456 1761 
142 0.6543778801843319 1856 
162 0.7465437788018433 982 
133 0.6129032258064516 1778 
157 0.7235023041474654 1688 
160 0.7373271889400922 1036 
165 0.7603686635944701 1980 
92 0.423963133640553 185 
129 0.5944700460829493 740 
159 0.7327188940092166 1226 
143 0.6589861751152074 1972 
114 0.5253456221198156 710 
71 0.3271889400921659 132 
152 0.7004608294930875 1908 
157 0.7235023041474654 972 
165 0.7603686635944701 1521 
160 0.7373271889400922 801 
147 0.6774193548387096 610 
144 0.663594470046083 1821 
129 0.5944700460829493 992 
151 0.695852534562212 1447 
154 0.7096774193548387 591 
151 0.695852534562212 1274 
150 0.6912442396313364 1097 
161 0.7419354838709677 1698 
138 0.6359447004608295 966 
168 0.7741935483870968 1930 
130 0.5990783410138248 1081 
148 0.6820276497695853 1074 
121 0.5576036866359447 605 
159 0.7327188940092166 1962 
135 0.6221198156682027 320 
158 0.728110599078341 1139 
160 0.7373271889400922 1330 
153 0.7050691244239631 2000 
127 0.5852534562211982 307 
160 0.7373271889400922 488 
70 0.3225806451612903 106 
169 0.7788018433179723 1595 
161 0.7419354838709677 882 
152 0.7004608294930875 933 
143 0.6589861751152074 564 
147 0.6774193548387096 1524 
153 0.7050691244239631 1907 
165 0.7603686635944701 1354 
157 0.7235023041474654 1924 
110 0.5069124423963134 199 
157 0.7235023041474654 1738 
149 0.6866359447004609 616 
156 0.7188940092165899 1981 
170 0.783410138248848 1700 
157 0.7235023041474654 1846 
170 0.783410138248848 1914 
149 0.6866359447004609 935 
152 0.7004608294930875 414 
142 0.6543778801843319 1996 
168 0.7741935483870968 1642 
106 0.48847926267281105 470 
104 0.4792626728110599 215 
158 0.728110599078341 990 
121 0.5576036866359447 231 
85 0.391705069124424 617 
164 0.7557603686635944 1099 
142 0.6543778801843319 422 
176 0.8110599078341014 1901 
135 0.6221198156682027 1999 
171 0.7880184331797235 1579 
139 0.6405529953917051 443 
161 0.7419354838709677 1932 
173 0.7972350230414746 728 
144 0.663594470046083 905 
171 0.7880184331797235 962 
157 0.7235023041474654 1096 
170 0.783410138248848 1338 
166 0.7649769585253456 568 
98 0.43555555555555553 643 
122 0.5422222222222223 1160 
101 0.4488888888888889 344 
86 0.38222222222222224 1658 
115 0.5111111111111111 1140 
103 0.4577777777777778 1978 
94 0.4177777777777778 692 
108 0.48 1551 
102 0.4533333333333333 1023 
108 0.48 358 
112 0.49777777777777776 804 
103 0.4577777777777778 589 
112 0.49777777777777776 1092 
118 0.5244444444444445 855 
102 0.4533333333333333 285 
97 0.4311111111111111 495 
93 0.41333333333333333 1694 
79 0.3511111111111111 763 
102 0.4533333333333333 1166 
101 0.4488888888888889 987 
95 0.4222222222222222 700 
86 0.38222222222222224 1950 
92 0.4088888888888889 1129 
101 0.4488888888888889 1084 
87 0.38666666666666666 181 
100 0.4444444444444444 200 
111 0.49333333333333335 1983 
107 0.47555555555555556 1744 
86 0.38222222222222224 1604 
96 0.4266666666666667 1338 
95 0.4222222222222222 495 
99 0.44 272 
99 0.44 1871 
119 0.5288888888888889 312 
98 0.43555555555555553 1792 
93 0.41333333333333333 981 
115 0.5111111111111111 655 
104 0.4622222222222222 712 
106 0.4711111111111111 330 
79 0.3511111111111111 971 
106 0.4711111111111111 232 
110 0.4888888888888889 1673 
109 0.48444444444444446 1565 
84 0.37333333333333335 628 
92 0.4088888888888889 461 
108 0.48 1304 
66 0.29333333333333333 682 
97 0.4311111111111111 1954 
92 0.4088888888888889 178 
103 0.4577777777777778 515 
93 0.41333333333333333 994 
87 0.38666666666666666 462 
113 0.5022222222222222 630 
102 0.4533333333333333 1990 
110 0.4888888888888889 1148 
105 0.4666666666666667 1962 
114 0.5066666666666667 1088 
109 0.48444444444444446 477 
106 0.4711111111111111 421 
84 0.37333333333333335 202 
109 0.48444444444444446 1785 
110 0.4888888888888889 359 
100 0.4444444444444444 584 
111 0.49333333333333335 283 
97 0.4311111111111111 635 
100 0.4444444444444444 870 
107 0.47555555555555556 1836 
107 0.47555555555555556 841 
94 0.4177777777777778 337 
120 0.5333333333333333 559 
110 0.4888888888888889 831 
109 0.48444444444444446 1606 
107 0.47555555555555556 1636 
108 0.48 948 
113 0.5022222222222222 1311 
85 0.37777777777777777 224 
83 0.3688888888888889 165 
52 0.2311111111111111 387 
50 0.2222222222222222 197 
107 0.47555555555555556 443 
110 0.4888888888888889 1439 
103 0.4577777777777778 495 
73 0.3244444444444444 1724 
101 0.4488888888888889 549 
99 0.44 203 
95 0.4222222222222222 279 
91 0.40444444444444444 1012 
105 0.4666666666666667 328 
126 0.56 1652 
89 0.39555555555555555 651 
111 0.49333333333333335 1592 
94 0.4177777777777778 1263 
100 0.4444444444444444 512 
106 0.4711111111111111 1055 
116 0.5155555555555555 1127 
114 0.5066666666666667 798 
104 0.4622222222222222 1983 
116 0.5155555555555555 1824 
92 0.4088888888888889 1533 
97 0.4311111111111111 586 
47 0.22488038277511962 99 
129 0.6172248803827751 1181 
117 0.5598086124401914 1687 
116 0.5550239234449761 1381 
59 0.2822966507177033 303 
112 0.5358851674641149 1140 
108 0.5167464114832536 610 
103 0.49282296650717705 1138 
36 0.1722488038277512 78 
109 0.5215311004784688 1890 
122 0.583732057416268 643 
38 0.18181818181818182 77 
73 0.3492822966507177 159 
132 0.631578947368421 1037 
113 0.5406698564593302 325 
106 0.507177033492823 1774 
70 0.3349282296650718 161 
30 0.14354066985645933 57 
46 0.22009569377990432 86 
121 0.5789473684210527 795 
148 0.7081339712918661 553 
138 0.6602870813397129 1053 
75 0.3588516746411483 180 
113 0.5406698564593302 1206 
83 0.39712918660287083 430 
100 0.4784688995215311 215 
32 0.15311004784688995 56 
130 0.6220095693779905 1069 
103 0.49282296650717705 1765 
66 0.3157894736842105 177 
65 0.31100478468899523 147 
58 0.27751196172248804 272 
105 0.5023923444976076 330 
91 0.4354066985645933 442 
90 0.430622009569378 213 
54 0.2583732057416268 113 
29 0.13875598086124402 46 
45 0.215311004784689 96 
93 0.4449760765550239 187 
68 0.3253588516746411 755 
118 0.5645933014354066 1535 
72 0.3444976076555024 639 
69 0.33014354066985646 331 
132 0.631578947368421 643 
148 0.7081339712918661 976 
91 0.4354066985645933 1166 
118 0.5645933014354066 1376 
104 0.49760765550239233 1979 
143 0.6842105263157895 1069 
53 0.2535885167464115 109 
113 0.5406698564593302 794 
55 0.2631578947368421 176 
81 0.3875598086124402 184 
53 0.2535885167464115 98 
57 0.2727272727272727 112 
82 0.3923444976076555 359 
89 0.4258373205741627 166 
137 0.6555023923444976 1490 
97 0.46411483253588515 744 
69 0.33014354066985646 144 
52 0.24880382775119617 102 
90 0.430622009569378 282 
123 0.5885167464114832 1866 
129 0.6172248803827751 1792 
85 0.40669856459330145 198 
96 0.45933014354066987 522 
80 0.3827751196172249 267 
70 0.3349282296650718 282 
133 0.6363636363636364 944 
73 0.3492822966507177 480 
78 0.37320574162679426 169 
106 0.507177033492823 229 
108 0.5167464114832536 305 
105 0.5023923444976076 1181 
129 0.6172248803827751 530 
51 0.24401913875598086 225 
75 0.3588516746411483 160 
35 0.1674641148325359 73 
83 0.39712918660287083 431 
57 0.2727272727272727 135 
75 0.3588516746411483 141 
84 0.4019138755980861 480 
137 0.6555023923444976 696 
104 0.49760765550239233 1208 
119 0.569377990430622 525 
47 0.22488038277511962 88 
120 0.5741626794258373 1356 
56 0.2679425837320574 207 
145 0.69377990430622 367 
113 0.5406698564593302 1122 
131 0.6267942583732058 365 
86 0.41148325358851673 664 
42 0.20095693779904306 79 
95 0.45454545454545453 234 
79 0.37799043062200954 472 
74 0.35406698564593303 509 
75 0.3588516746411483 136 
97 0.46411483253588515 247 
135 0.645933014354067 1599 
114 0.5454545454545454 788 
125 0.6067961165048543 590 
124 0.6019417475728155 275 
133 0.6456310679611651 429 
92 0.44660194174757284 169 
126 0.6116504854368932 287 
123 0.5970873786407767 256 
135 0.6553398058252428 699 
124 0.6019417475728155 274 
138 0.6699029126213593 961 
79 0.38349514563106796 154 
125 0.6067961165048543 311 
124 0.6019417475728155 257 
123 0.5970873786407767 284 
130 0.6310679611650486 340 
127 0.616504854368932 245 
135 0.6553398058252428 1817 
126 0.6116504854368932 339 
126 0.6116504854368932 250 
124 0.6019417475728155 275 
134 0.6504854368932039 895 
117 0.5679611650485437 1951 
127 0.616504854368932 341 
121 0.587378640776699 1758 
123 0.5970873786407767 341 
123 0.5970873786407767 332 
124 0.6019417475728155 241 
124 0.6019417475728155 300 
138 0.6699029126213593 1692 
134 0.6504854368932039 1818 
124 0.6019417475728155 240 
124 0.6019417475728155 531 
123 0.5970873786407767 275 
95 0.46116504854368934 196 
124 0.6019417475728155 259 
135 0.6553398058252428 417 
93 0.45145631067961167 273 
123 0.5970873786407767 257 
123 0.5970873786407767 271 
107 0.5194174757281553 290 
110 0.5339805825242718 1654 
139 0.6747572815533981 1899 
123 0.5970873786407767 350 
123 0.5970873786407767 250 
126 0.6116504854368932 276 
124 0.6019417475728155 1393 
94 0.4563106796116505 191 
123 0.5970873786407767 256 
131 0.6359223300970874 391 
123 0.5970873786407767 281 
126 0.6116504854368932 276 
124 0.6019417475728155 272 
139 0.6747572815533981 630 
133 0.6456310679611651 330 
125 0.6067961165048543 293 
127 0.616504854368932 825 
124 0.6019417475728155 278 
125 0.6067961165048543 291 
123 0.5970873786407767 324 
134 0.6504854368932039 606 
123 0.5970873786407767 280 
133 0.6456310679611651 1499 
124 0.6019417475728155 266 
121 0.587378640776699 512 
123 0.5970873786407767 406 
123 0.5970873786407767 325 
123 0.5970873786407767 255 
124 0.6019417475728155 254 
107 0.5194174757281553 259 
133 0.6456310679611651 260 
136 0.6601941747572816 1341 
123 0.5970873786407767 249 
121 0.587378640776699 243 
129 0.6262135922330098 398 
115 0.558252427184466 317 
134 0.6504854368932039 1109 
123 0.5970873786407767 294 
123 0.5970873786407767 266 
124 0.6019417475728155 249 
123 0.5970873786407767 296 
106 0.5145631067961165 377 
94 0.4563106796116505 184 
93 0.45145631067961167 187 
124 0.6019417475728155 341 
94 0.4563106796116505 196 
125 0.6067961165048543 283 
125 0.6067961165048543 688 
134 0.6504854368932039 298 
137 0.6650485436893204 472 
124 0.6019417475728155 245 
125 0.6067961165048543 344 
124 0.6019417475728155 318 
137 0.6650485436893204 295 
123 0.5970873786407767 271 
129 0.6262135922330098 1011 
127 0.616504854368932 652 
124 0.6019417475728155 273 
95 0.46116504854368934 194 
124 0.6019417475728155 325 
123 0.5970873786407767 254 
94 0.4563106796116505 175 