125 0.9920634920634921 556 
125 0.9920634920634921 1400 
125 0.9920634920634921 1042 
125 0.9920634920634921 646 
125 0.9920634920634921 614 
125 0.9920634920634921 1371 
125 0.9920634920634921 1055 
125 0.9920634920634921 873 
125 0.9920634920634921 750 
125 0.9920634920634921 1202 
106 0.8412698412698413 399 
118 0.9365079365079365 623 
125 0.9920634920634921 800 
125 0.9920634920634921 1004 
125 0.9920634920634921 1288 
125 0.9920634920634921 1996 
125 0.9920634920634921 1150 
125 0.9920634920634921 664 
125 0.9920634920634921 1015 
125 0.9920634920634921 1171 
125 0.9920634920634921 1493 
125 0.9920634920634921 1298 
125 0.9920634920634921 851 
125 0.9920634920634921 1477 
125 0.9920634920634921 898 
125 0.9920634920634921 676 
125 0.9920634920634921 1102 
125 0.9920634920634921 1043 
125 0.9920634920634921 1226 
125 0.9920634920634921 623 
125 0.9920634920634921 1269 
125 0.9920634920634921 909 
125 0.9920634920634921 715 
125 0.9920634920634921 501 
125 0.9920634920634921 698 
125 0.9920634920634921 1307 
125 0.9920634920634921 800 
125 0.9920634920634921 1891 
125 0.9920634920634921 1150 
125 0.9920634920634921 983 
125 0.9920634920634921 1320 
125 0.9920634920634921 1133 
125 0.9920634920634921 1152 
125 0.9920634920634921 715 
125 0.9920634920634921 1170 
125 0.9920634920634921 885 
125 0.9920634920634921 1799 
125 0.9920634920634921 734 
125 0.9920634920634921 1070 
125 0.9920634920634921 787 
29 0.23015873015873015 73 
125 0.9920634920634921 898 
125 0.9920634920634921 1040 
125 0.9920634920634921 1338 
125 0.9920634920634921 1978 
125 0.9920634920634921 1168 
125 0.9920634920634921 1214 
119 0.9444444444444444 737 
125 0.9920634920634921 730 
125 0.9920634920634921 1574 
125 0.9920634920634921 1945 
125 0.9920634920634921 1000 
125 0.9920634920634921 1439 
125 0.9920634920634921 902 
124 0.9841269841269841 1103 
125 0.9920634920634921 1203 
125 0.9920634920634921 1530 
125 0.9920634920634921 1339 
118 0.9365079365079365 692 
125 0.9920634920634921 941 
125 0.9920634920634921 765 
125 0.9920634920634921 625 
125 0.9920634920634921 966 
125 0.9920634920634921 1452 
125 0.9920634920634921 1456 
125 0.9920634920634921 825 
125 0.9920634920634921 999 
125 0.9920634920634921 985 
125 0.9920634920634921 1548 
125 0.9920634920634921 1597 
125 0.9920634920634921 872 
125 0.9920634920634921 677 
125 0.9920634920634921 1428 
125 0.9920634920634921 895 
125 0.9920634920634921 788 
125 0.9920634920634921 1487 
125 0.9920634920634921 1523 
125 0.9920634920634921 756 
125 0.9920634920634921 896 
125 0.9920634920634921 1223 
125 0.9920634920634921 923 
125 0.9920634920634921 1172 
125 0.9920634920634921 554 
125 0.9920634920634921 887 
117 0.9285714285714286 532 
125 0.9920634920634921 565 
125 0.9920634920634921 715 
122 0.9682539682539683 716 
125 0.9920634920634921 1314 
125 0.9920634920634921 1092 
129 0.9923076923076923 1607 
129 0.9923076923076923 1465 
129 0.9923076923076923 1681 
129 0.9923076923076923 1393 
129 0.9923076923076923 1755 
129 0.9923076923076923 682 
129 0.9923076923076923 1306 
129 0.9923076923076923 885 
129 0.9923076923076923 957 
129 0.9923076923076923 986 
129 0.9923076923076923 1147 
129 0.9923076923076923 612 
129 0.9923076923076923 999 
129 0.9923076923076923 756 
129 0.9923076923076923 1586 
129 0.9923076923076923 1216 
129 0.9923076923076923 1402 
129 0.9923076923076923 712 
129 0.9923076923076923 828 
129 0.9923076923076923 1140 
128 0.9846153846153847 1177 
129 0.9923076923076923 1630 
128 0.9846153846153847 1147 
129 0.9923076923076923 703 
129 0.9923076923076923 588 
129 0.9923076923076923 734 
129 0.9923076923076923 1085 
129 0.9923076923076923 1166 
129 0.9923076923076923 685 
129 0.9923076923076923 1385 
129 0.9923076923076923 700 
129 0.9923076923076923 829 
129 0.9923076923076923 1395 
129 0.9923076923076923 657 
129 0.9923076923076923 831 
129 0.9923076923076923 1384 
115 0.8846153846153846 488 
129 0.9923076923076923 914 
129 0.9923076923076923 1652 
129 0.9923076923076923 1111 
129 0.9923076923076923 814 
129 0.9923076923076923 872 
22 0.16923076923076924 34 
129 0.9923076923076923 808 
129 0.9923076923076923 770 
129 0.9923076923076923 893 
125 0.9615384615384616 890 
129 0.9923076923076923 986 
129 0.9923076923076923 927 
129 0.9923076923076923 1183 
129 0.9923076923076923 987 
129 0.9923076923076923 981 
129 0.9923076923076923 1222 
129 0.9923076923076923 496 
129 0.9923076923076923 1543 
129 0.9923076923076923 835 
129 0.9923076923076923 980 
129 0.9923076923076923 914 
47 0.36153846153846153 105 
129 0.9923076923076923 1920 
129 0.9923076923076923 669 
129 0.9923076923076923 868 
129 0.9923076923076923 1818 
129 0.9923076923076923 1107 
129 0.9923076923076923 1395 
129 0.9923076923076923 593 
129 0.9923076923076923 749 
129 0.9923076923076923 606 
129 0.9923076923076923 1005 
129 0.9923076923076923 1114 
129 0.9923076923076923 1282 
129 0.9923076923076923 714 
129 0.9923076923076923 799 
127 0.9769230769230769 612 
129 0.9923076923076923 1286 
129 0.9923076923076923 977 
51 0.3923076923076923 83 
129 0.9923076923076923 1082 
129 0.9923076923076923 865 
129 0.9923076923076923 1053 
129 0.9923076923076923 1272 
129 0.9923076923076923 597 
129 0.9923076923076923 1108 
129 0.9923076923076923 669 
78 0.6 188 
129 0.9923076923076923 677 
129 0.9923076923076923 820 
129 0.9923076923076923 711 
129 0.9923076923076923 1014 
50 0.38461538461538464 130 
129 0.9923076923076923 661 
129 0.9923076923076923 1812 
46 0.35384615384615387 128 
129 0.9923076923076923 1096 
129 0.9923076923076923 871 
129 0.9923076923076923 1341 
129 0.9923076923076923 593 
129 0.9923076923076923 939 
129 0.9923076923076923 1495 
129 0.9923076923076923 926 
113 0.9912280701754386 685 
113 0.9912280701754386 799 
113 0.9912280701754386 976 
113 0.9912280701754386 949 
113 0.9912280701754386 1045 
113 0.9912280701754386 1295 
113 0.9912280701754386 1268 
113 0.9912280701754386 840 
113 0.9912280701754386 1130 
113 0.9912280701754386 1090 
113 0.9912280701754386 844 
113 0.9912280701754386 1321 
113 0.9912280701754386 1752 
113 0.9912280701754386 790 
113 0.9912280701754386 760 
113 0.9912280701754386 896 
35 0.30701754385964913 122 
7 0.06140350877192982 28 
111 0.9736842105263158 793 
113 0.9912280701754386 1084 
113 0.9912280701754386 914 
113 0.9912280701754386 972 
113 0.9912280701754386 1153 
113 0.9912280701754386 912 
113 0.9912280701754386 814 
113 0.9912280701754386 803 
110 0.9649122807017544 1042 
113 0.9912280701754386 1110 
113 0.9912280701754386 1274 
113 0.9912280701754386 936 
113 0.9912280701754386 949 
113 0.9912280701754386 637 
113 0.9912280701754386 993 
113 0.9912280701754386 1503 
106 0.9298245614035088 738 
74 0.6491228070175439 306 
113 0.9912280701754386 659 
113 0.9912280701754386 937 
113 0.9912280701754386 1134 
113 0.9912280701754386 631 
110 0.9649122807017544 782 
113 0.9912280701754386 969 
113 0.9912280701754386 583 
113 0.9912280701754386 1151 
113 0.9912280701754386 1220 
113 0.9912280701754386 919 
45 0.39473684210526316 146 
113 0.9912280701754386 1513 
113 0.9912280701754386 998 
111 0.9736842105263158 1009 
113 0.9912280701754386 865 
113 0.9912280701754386 1717 
113 0.9912280701754386 1482 
113 0.9912280701754386 1379 
113 0.9912280701754386 624 
113 0.9912280701754386 824 
113 0.9912280701754386 1152 
113 0.9912280701754386 1364 
113 0.9912280701754386 816 
113 0.9912280701754386 1994 
113 0.9912280701754386 844 
113 0.9912280701754386 1407 
113 0.9912280701754386 1100 
55 0.4824561403508772 369 
113 0.9912280701754386 1261 
113 0.9912280701754386 916 
113 0.9912280701754386 746 
113 0.9912280701754386 1163 
113 0.9912280701754386 1009 
113 0.9912280701754386 1110 
113 0.9912280701754386 1124 
113 0.9912280701754386 1220 
113 0.9912280701754386 1670 
113 0.9912280701754386 951 
113 0.9912280701754386 979 
113 0.9912280701754386 1129 
113 0.9912280701754386 1376 
113 0.9912280701754386 1022 
113 0.9912280701754386 973 
113 0.9912280701754386 1063 
113 0.9912280701754386 1487 
113 0.9912280701754386 1049 
113 0.9912280701754386 1188 
113 0.9912280701754386 820 
113 0.9912280701754386 1017 
113 0.9912280701754386 995 
113 0.9912280701754386 915 
113 0.9912280701754386 1070 
113 0.9912280701754386 1186 
113 0.9912280701754386 1407 
113 0.9912280701754386 1311 
113 0.9912280701754386 834 
113 0.9912280701754386 1775 
113 0.9912280701754386 1654 
70 0.6140350877192983 220 
113 0.9912280701754386 1017 
113 0.9912280701754386 1201 
81 0.7105263157894737 398 
113 0.9912280701754386 665 
113 0.9912280701754386 1169 
137 0.9927536231884058 939 
137 0.9927536231884058 979 
135 0.9782608695652174 808 
137 0.9927536231884058 627 
137 0.9927536231884058 868 
137 0.9927536231884058 1607 
137 0.9927536231884058 642 
137 0.9927536231884058 704 
137 0.9927536231884058 1069 
137 0.9927536231884058 928 
137 0.9927536231884058 872 
137 0.9927536231884058 1400 
137 0.9927536231884058 1709 
137 0.9927536231884058 1472 
137 0.9927536231884058 1132 
137 0.9927536231884058 866 
137 0.9927536231884058 927 
137 0.9927536231884058 744 
137 0.9927536231884058 588 
137 0.9927536231884058 1193 
137 0.9927536231884058 653 
131 0.9492753623188406 748 
137 0.9927536231884058 807 
137 0.9927536231884058 926 
47 0.34057971014492755 209 
137 0.9927536231884058 999 
137 0.9927536231884058 867 
137 0.9927536231884058 936 
137 0.9927536231884058 928 
137 0.9927536231884058 746 
137 0.9927536231884058 720 
137 0.9927536231884058 744 
137 0.9927536231884058 645 
137 0.9927536231884058 690 
137 0.9927536231884058 1822 
137 0.9927536231884058 755 
137 0.9927536231884058 1147 
137 0.9927536231884058 726 
137 0.9927536231884058 959 
137 0.9927536231884058 1111 
137 0.9927536231884058 1049 
137 0.9927536231884058 819 
135 0.9782608695652174 582 
137 0.9927536231884058 692 
137 0.9927536231884058 1263 
137 0.9927536231884058 1415 
137 0.9927536231884058 1558 
137 0.9927536231884058 689 
137 0.9927536231884058 1407 
137 0.9927536231884058 1341 
137 0.9927536231884058 1149 
137 0.9927536231884058 1119 
137 0.9927536231884058 817 
137 0.9927536231884058 1127 
137 0.9927536231884058 1552 
137 0.9927536231884058 1060 
137 0.9927536231884058 725 
137 0.9927536231884058 849 
137 0.9927536231884058 1673 
137 0.9927536231884058 745 
137 0.9927536231884058 1488 
137 0.9927536231884058 983 
137 0.9927536231884058 1204 
137 0.9927536231884058 1611 
137 0.9927536231884058 1409 
137 0.9927536231884058 767 
137 0.9927536231884058 1942 
137 0.9927536231884058 960 
104 0.7536231884057971 327 
137 0.9927536231884058 1452 
137 0.9927536231884058 686 
137 0.9927536231884058 1007 
137 0.9927536231884058 836 
137 0.9927536231884058 1434 
137 0.9927536231884058 869 
137 0.9927536231884058 811 
137 0.9927536231884058 691 
137 0.9927536231884058 1237 
137 0.9927536231884058 738 
137 0.9927536231884058 803 
137 0.9927536231884058 781 
137 0.9927536231884058 1285 
137 0.9927536231884058 849 
137 0.9927536231884058 955 
137 0.9927536231884058 1135 
137 0.9927536231884058 854 
137 0.9927536231884058 1434 
137 0.9927536231884058 938 
137 0.9927536231884058 1061 
137 0.9927536231884058 1497 
137 0.9927536231884058 1035 
137 0.9927536231884058 1119 
137 0.9927536231884058 813 
137 0.9927536231884058 1859 
137 0.9927536231884058 1044 
137 0.9927536231884058 926 
137 0.9927536231884058 1392 
137 0.9927536231884058 1378 
137 0.9927536231884058 912 
137 0.9927536231884058 1786 
119 0.9916666666666667 1465 
118 0.9833333333333333 1345 
119 0.9916666666666667 1806 
119 0.9916666666666667 1256 
119 0.9916666666666667 1849 
119 0.9916666666666667 1683 
119 0.9916666666666667 1261 
118 0.9833333333333333 522 
119 0.9916666666666667 1366 
119 0.9916666666666667 948 
119 0.9916666666666667 1089 
118 0.9833333333333333 1444 
119 0.9916666666666667 1502 
119 0.9916666666666667 1395 
114 0.95 913 
119 0.9916666666666667 785 
119 0.9916666666666667 1153 
116 0.9666666666666667 1006 
119 0.9916666666666667 1571 
119 0.9916666666666667 1150 
107 0.8916666666666667 937 
119 0.9916666666666667 1266 
49 0.4083333333333333 224 
119 0.9916666666666667 1618 
118 0.9833333333333333 1033 
119 0.9916666666666667 926 
119 0.9916666666666667 1160 
119 0.9916666666666667 1989 
66 0.55 201 
119 0.9916666666666667 1792 
17 0.14166666666666666 43 
119 0.9916666666666667 1193 
61 0.5083333333333333 314 
119 0.9916666666666667 1144 
119 0.9916666666666667 1577 
119 0.9916666666666667 790 
100 0.8333333333333334 883 
114 0.95 796 
119 0.9916666666666667 1012 
117 0.975 1213 
119 0.9916666666666667 1371 
119 0.9916666666666667 1380 
119 0.9916666666666667 1086 
119 0.9916666666666667 1249 
119 0.9916666666666667 996 
119 0.9916666666666667 967 
119 0.9916666666666667 1267 
119 0.9916666666666667 1406 
119 0.9916666666666667 1360 
12 0.1 32 
16 0.13333333333333333 42 
119 0.9916666666666667 1227 
118 0.9833333333333333 1120 
117 0.975 1285 
91 0.7583333333333333 336 
119 0.9916666666666667 1895 
119 0.9916666666666667 1080 
119 0.9916666666666667 1584 
119 0.9916666666666667 1975 
119 0.9916666666666667 820 
119 0.9916666666666667 939 
119 0.9916666666666667 980 
119 0.9916666666666667 1404 
106 0.8833333333333333 885 
119 0.9916666666666667 1248 
68 0.5666666666666667 222 
119 0.9916666666666667 1043 
119 0.9916666666666667 1594 
119 0.9916666666666667 1469 
119 0.9916666666666667 1167 
119 0.9916666666666667 1587 
119 0.9916666666666667 822 
102 0.85 1052 
119 0.9916666666666667 1670 
119 0.9916666666666667 1087 
119 0.9916666666666667 1492 
119 0.9916666666666667 1689 
119 0.9916666666666667 1671 
116 0.9666666666666667 726 
119 0.9916666666666667 1250 
119 0.9916666666666667 1011 
77 0.6416666666666667 316 
119 0.9916666666666667 1924 
119 0.9916666666666667 1119 
119 0.9916666666666667 1254 
119 0.9916666666666667 1318 
119 0.9916666666666667 1857 
119 0.9916666666666667 1461 
119 0.9916666666666667 738 
119 0.9916666666666667 1388 
119 0.9916666666666667 1282 
119 0.9916666666666667 935 
119 0.9916666666666667 908 
119 0.9916666666666667 1197 
119 0.9916666666666667 878 
119 0.9916666666666667 800 
119 0.9916666666666667 1031 
119 0.9916666666666667 1906 
119 0.9916666666666667 796 
119 0.9916666666666667 1614 
83 0.6859504132231405 383 
83 0.6859504132231405 641 
83 0.6859504132231405 586 
83 0.6859504132231405 1265 
83 0.6859504132231405 960 
83 0.6859504132231405 1137 
83 0.6859504132231405 414 
83 0.6859504132231405 831 
83 0.6859504132231405 592 
83 0.6859504132231405 1048 
83 0.6859504132231405 635 
83 0.6859504132231405 788 
83 0.6859504132231405 626 
83 0.6859504132231405 659 
83 0.6859504132231405 815 
83 0.6859504132231405 621 
83 0.6859504132231405 494 
83 0.6859504132231405 964 
83 0.6859504132231405 1620 
83 0.6859504132231405 647 
83 0.6859504132231405 659 
83 0.6859504132231405 969 
83 0.6859504132231405 1208 
83 0.6859504132231405 569 
83 0.6859504132231405 739 
83 0.6859504132231405 629 
83 0.6859504132231405 502 
83 0.6859504132231405 796 
83 0.6859504132231405 497 
83 0.6859504132231405 861 
83 0.6859504132231405 407 
83 0.6859504132231405 570 
83 0.6859504132231405 1149 
83 0.6859504132231405 1014 
83 0.6859504132231405 463 
83 0.6859504132231405 876 
83 0.6859504132231405 898 
83 0.6859504132231405 687 
83 0.6859504132231405 844 
83 0.6859504132231405 656 
83 0.6859504132231405 787 
83 0.6859504132231405 903 
83 0.6859504132231405 1843 
83 0.6859504132231405 888 
83 0.6859504132231405 485 
83 0.6859504132231405 665 
83 0.6859504132231405 661 
83 0.6859504132231405 739 
83 0.6859504132231405 599 
83 0.6859504132231405 571 
83 0.6859504132231405 728 
83 0.6859504132231405 1031 
83 0.6859504132231405 895 
83 0.6859504132231405 914 
83 0.6859504132231405 930 
83 0.6859504132231405 787 
83 0.6859504132231405 578 
83 0.6859504132231405 1302 
83 0.6859504132231405 630 
83 0.6859504132231405 1099 
83 0.6859504132231405 612 
83 0.6859504132231405 652 
83 0.6859504132231405 1265 
83 0.6859504132231405 1353 
83 0.6859504132231405 967 
83 0.6859504132231405 1126 
83 0.6859504132231405 1049 
83 0.6859504132231405 824 
42 0.34710743801652894 224 
83 0.6859504132231405 812 
83 0.6859504132231405 587 
83 0.6859504132231405 1611 
83 0.6859504132231405 438 
83 0.6859504132231405 409 
83 0.6859504132231405 626 
83 0.6859504132231405 778 
83 0.6859504132231405 789 
83 0.6859504132231405 630 
83 0.6859504132231405 1611 
83 0.6859504132231405 702 
83 0.6859504132231405 1612 
83 0.6859504132231405 889 
83 0.6859504132231405 524 
83 0.6859504132231405 1411 
83 0.6859504132231405 829 
83 0.6859504132231405 1065 
83 0.6859504132231405 482 
83 0.6859504132231405 1298 
83 0.6859504132231405 675 
83 0.6859504132231405 663 
83 0.6859504132231405 1258 
83 0.6859504132231405 838 
83 0.6859504132231405 923 
83 0.6859504132231405 968 
83 0.6859504132231405 898 
83 0.6859504132231405 684 
83 0.6859504132231405 1070 
83 0.6859504132231405 646 
83 0.6859504132231405 856 
83 0.6859504132231405 1175 