405 1.0 1574 
405 1.0 1389 
405 1.0 1113 
404 0.9975308641975309 1151 
405 1.0 1170 
404 0.9975308641975309 1134 
405 1.0 1536 
405 1.0 1083 
405 1.0 1303 
405 1.0 1111 
405 1.0 1272 
405 1.0 1304 
405 1.0 1154 
400 0.9876543209876543 1040 
405 1.0 1285 
405 1.0 1109 
405 1.0 991 
405 1.0 1206 
405 1.0 1471 
405 1.0 1103 
405 1.0 1172 
405 1.0 1665 
405 1.0 1064 
405 1.0 1035 
405 1.0 1544 
405 1.0 1070 
405 1.0 1221 
405 1.0 1109 
405 1.0 1383 
405 1.0 1134 
405 1.0 1146 
405 1.0 1299 
405 1.0 1452 
405 1.0 1150 
405 1.0 1353 
405 1.0 1281 
405 1.0 1372 
405 1.0 1392 
405 1.0 1100 
405 1.0 1109 
405 1.0 1332 
405 1.0 1459 
405 1.0 1083 
405 1.0 1330 
405 1.0 1667 
405 1.0 1124 
405 1.0 1049 
405 1.0 1130 
405 1.0 1142 
405 1.0 1308 
405 1.0 1160 
405 1.0 1317 
405 1.0 1237 
405 1.0 1387 
405 1.0 1210 
405 1.0 1448 
405 1.0 1795 
405 1.0 1361 
405 1.0 1113 
405 1.0 1203 
405 1.0 1230 
405 1.0 1006 
405 1.0 1360 
405 1.0 1035 
405 1.0 1052 
405 1.0 1327 
405 1.0 1273 
405 1.0 1267 
405 1.0 1261 
405 1.0 1210 
405 1.0 1145 
405 1.0 1499 
405 1.0 1060 
405 1.0 1231 
405 1.0 1327 
405 1.0 1397 
405 1.0 1504 
405 1.0 1040 
405 1.0 1353 
405 1.0 1246 
405 1.0 1236 
405 1.0 1319 
405 1.0 1287 
405 1.0 1121 
405 1.0 1328 
405 1.0 1577 
405 1.0 1237 
405 1.0 1418 
405 1.0 1172 
405 1.0 1381 
405 1.0 1534 
405 1.0 1190 
405 1.0 1066 
405 1.0 1418 
405 1.0 1250 
405 1.0 1329 
405 1.0 1485 
405 1.0 1644 
405 1.0 1146 
405 1.0 1072 
405 1.0 1750 
405 1.0 1601 
405 1.0 1241 
405 1.0 1259 
405 1.0 1422 
405 1.0 1364 
405 1.0 1225 
405 1.0 1215 
405 1.0 1532 
405 1.0 1184 
405 1.0 1266 
405 1.0 1369 
405 1.0 1423 
405 1.0 1627 
405 1.0 1356 
405 1.0 1477 
405 1.0 1090 
405 1.0 1312 
405 1.0 1227 
405 1.0 1247 
405 1.0 1238 
405 1.0 1219 
405 1.0 1343 
405 1.0 1342 
405 1.0 1566 
405 1.0 1324 
405 1.0 1195 
405 1.0 1242 
405 1.0 1067 
405 1.0 1337 
405 1.0 1290 
405 1.0 1918 
405 1.0 1354 
405 1.0 1254 
405 1.0 1199 
405 1.0 1302 
405 1.0 1445 
405 1.0 1632 
405 1.0 1329 
405 1.0 1652 
405 1.0 1373 
405 1.0 1490 
405 1.0 1513 
405 1.0 1173 
405 1.0 1046 
405 1.0 1549 
405 1.0 1324 
405 1.0 1386 
405 1.0 1320 
405 1.0 1341 
405 1.0 1732 
405 1.0 1534 
405 1.0 1826 
405 1.0 1715 
405 1.0 1170 
405 1.0 1269 
405 1.0 1113 
405 1.0 1151 
405 1.0 1196 
405 1.0 1392 
405 1.0 1424 
405 1.0 1582 
405 1.0 1557 
405 1.0 1111 
405 1.0 1435 
405 1.0 1317 
405 1.0 1257 
405 1.0 1552 
405 1.0 1339 
405 1.0 1414 
405 1.0 1312 
405 1.0 1348 
405 1.0 1390 
405 1.0 1262 
405 1.0 1136 
405 1.0 1501 
405 1.0 1317 
405 1.0 1089 
405 1.0 1304 
405 1.0 1430 
405 1.0 1184 
405 1.0 1405 
405 1.0 1158 
405 1.0 1365 
405 1.0 1532 
405 1.0 1162 
405 1.0 1530 
405 1.0 1092 
405 1.0 1352 
405 1.0 1150 
405 1.0 1355 
405 1.0 1439 
405 1.0 1420 
405 1.0 1202 
405 1.0 1189 
405 1.0 1423 
405 1.0 1042 
405 1.0 1256 
405 1.0 1115 
405 1.0 1249 
405 1.0 1109 
405 1.0 1100 
405 1.0 1149 
405 1.0 1221 
405 1.0 1342 
405 1.0 1131 
405 1.0 1123 
405 1.0 1291 
405 1.0 1347 
405 1.0 1090 
405 1.0 1192 
405 1.0 1484 
405 1.0 1036 
405 1.0 1296 
405 1.0 1454 
405 1.0 1159 
405 1.0 1173 
405 1.0 1286 
405 1.0 1461 
405 1.0 1205 
405 1.0 1173 
405 1.0 1314 
405 1.0 1378 
405 1.0 1321 
405 1.0 1401 
405 1.0 1226 
405 1.0 1193 
405 1.0 1283 
405 1.0 1184 
405 1.0 1235 
405 1.0 1218 
405 1.0 1091 
405 1.0 1267 
405 1.0 1280 
405 1.0 1710 
405 1.0 1059 
405 1.0 1190 
405 1.0 1293 
405 1.0 1372 
405 1.0 1495 
405 1.0 1027 
405 1.0 1326 
405 1.0 1481 
405 1.0 1236 
405 1.0 1486 
405 1.0 1571 
405 1.0 1375 
405 1.0 1250 
405 1.0 1205 
405 1.0 1226 
405 1.0 1330 
405 1.0 992 
405 1.0 1095 
405 1.0 1135 
405 1.0 1312 
405 1.0 1046 
405 1.0 1304 
405 1.0 1214 
405 1.0 1392 
405 1.0 1529 
405 1.0 1071 
405 1.0 1189 
405 1.0 1354 
405 1.0 1335 
405 1.0 1501 
405 1.0 1099 
405 1.0 1441 
405 1.0 1073 
405 1.0 1251 
405 1.0 1153 
405 1.0 1419 
405 1.0 1180 
405 1.0 1031 
405 1.0 1657 
405 1.0 1730 
402 0.9925925925925926 1808 
405 1.0 1404 
405 1.0 1391 
405 1.0 1413 
405 1.0 1363 
405 1.0 1147 
405 1.0 1111 
405 1.0 1355 
405 1.0 1488 
405 1.0 1367 
405 1.0 1144 
405 1.0 1148 
405 1.0 1377 
405 1.0 1408 
405 1.0 1480 
405 1.0 1354 
405 1.0 1266 
405 1.0 1195 
405 1.0 1571 
405 1.0 1283 
405 1.0 1622 
405 1.0 1136 
405 1.0 1525 
405 1.0 1085 
405 1.0 1093 
405 1.0 1096 
405 1.0 1417 
405 1.0 1287 
405 1.0 1263 
405 1.0 1316 
405 1.0 1165 
405 1.0 1285 
405 1.0 1161 
405 1.0 1065 
405 1.0 1010 
405 1.0 1064 
405 1.0 950 
405 1.0 871 
405 1.0 1105 
405 1.0 1047 
405 1.0 995 
405 1.0 1097 
405 1.0 990 
405 1.0 1129 
405 1.0 1255 
405 1.0 1129 
405 1.0 927 
405 1.0 1114 
405 1.0 1189 
405 1.0 1258 
405 1.0 1210 
405 1.0 1191 
405 1.0 946 
405 1.0 1259 
405 1.0 964 
405 1.0 1374 
405 1.0 1073 
405 1.0 1464 
405 1.0 1068 
405 1.0 1337 
405 1.0 1210 
405 1.0 1260 
405 1.0 1236 
405 1.0 1313 
405 1.0 1128 
405 1.0 1039 
405 1.0 912 
405 1.0 920 
405 1.0 957 
405 1.0 1145 
405 1.0 1086 
405 1.0 981 
405 1.0 1055 
405 1.0 918 
405 1.0 1337 
405 1.0 1111 
405 1.0 892 
405 1.0 1111 
405 1.0 1077 
405 1.0 1366 
405 1.0 886 
405 1.0 1020 
405 1.0 973 
405 1.0 898 
405 1.0 1123 
405 1.0 1210 
405 1.0 1115 
405 1.0 943 
405 1.0 922 
405 1.0 1293 
405 1.0 1323 
405 1.0 1038 
405 1.0 1193 
405 1.0 1182 
405 1.0 1349 
405 1.0 1030 
405 1.0 1208 
405 1.0 858 
405 1.0 1112 
405 1.0 1001 
405 1.0 1145 
405 1.0 1033 
405 1.0 1134 
405 1.0 1003 
405 1.0 1036 
405 1.0 1157 
405 1.0 1067 
405 1.0 1764 
405 1.0 1213 
405 1.0 1154 
405 1.0 1018 
405 1.0 1165 
405 1.0 1046 
405 1.0 1061 
405 1.0 1015 
405 1.0 1139 
405 1.0 984 
405 1.0 1142 
405 1.0 1418 
405 1.0 1146 
405 1.0 1039 
405 1.0 1132 
405 1.0 978 
405 1.0 1006 
405 1.0 1001 
405 1.0 1176 
405 1.0 1454 
405 1.0 1312 
405 1.0 1704 
405 1.0 972 
405 1.0 1684 
405 1.0 886 
405 1.0 1451 
405 1.0 765 
405 1.0 951 
405 1.0 1259 
405 1.0 999 
405 1.0 1465 
405 1.0 1136 
405 1.0 976 
405 1.0 1062 
405 1.0 1428 
405 1.0 988 
405 1.0 1133 
112 0.2765432098765432 159 
405 1.0 820 
405 1.0 897 
405 1.0 1298 
95 0.2345679012345679 130 
405 1.0 916 
405 1.0 1236 
405 1.0 895 
405 1.0 1060 
405 1.0 775 
405 1.0 1146 
405 1.0 1209 
405 1.0 937 
405 1.0 892 
405 1.0 902 
405 1.0 951 
405 1.0 1635 
405 1.0 915 
405 1.0 1012 
405 1.0 1165 
405 1.0 888 
405 1.0 1274 
405 1.0 1140 
405 1.0 957 
405 1.0 1079 
405 1.0 714 
405 1.0 1282 
405 1.0 940 
405 1.0 720 
405 1.0 733 
405 1.0 972 
405 1.0 820 
405 1.0 1249 
405 1.0 1234 
405 1.0 1085 
405 1.0 1234 
405 1.0 1263 
405 1.0 1372 
405 1.0 980 
405 1.0 1014 
405 1.0 1304 
405 1.0 968 
405 1.0 1043 
405 1.0 983 
405 1.0 996 
405 1.0 1012 
405 1.0 952 
405 1.0 1067 
405 1.0 801 
405 1.0 1144 
405 1.0 1019 
405 1.0 1207 
405 1.0 796 
405 1.0 1116 
405 1.0 1199 
405 1.0 857 
405 1.0 1078 
405 1.0 1185 
405 1.0 967 
405 1.0 1178 
405 1.0 1011 
405 1.0 1187 
405 1.0 829 
405 1.0 822 
405 1.0 1219 
405 1.0 1177 
405 1.0 888 
405 1.0 1123 
405 1.0 859 
405 1.0 1057 
405 1.0 1176 
405 1.0 1067 
405 1.0 734 
405 1.0 923 
405 1.0 928 
405 1.0 971 
405 1.0 965 
405 1.0 868 
405 1.0 986 
405 1.0 1687 
405 1.0 971 
405 1.0 924 
405 1.0 700 
405 1.0 814 
405 1.0 682 
405 1.0 570 
405 1.0 827 
405 1.0 603 
405 1.0 634 
405 1.0 843 
405 1.0 892 
405 1.0 576 
405 1.0 643 
405 1.0 693 
405 1.0 649 
405 1.0 877 
405 1.0 728 
405 1.0 841 
405 1.0 873 
405 1.0 910 
405 1.0 767 
405 1.0 706 
405 1.0 538 
405 1.0 706 
405 1.0 745 
405 1.0 597 
405 1.0 532 
405 1.0 910 
405 1.0 886 
405 1.0 845 
405 1.0 729 
405 1.0 699 
405 1.0 879 
405 1.0 618 
405 1.0 621 
405 1.0 721 
405 1.0 693 
405 1.0 792 
405 1.0 1075 
405 1.0 712 
405 1.0 560 
405 1.0 874 
405 1.0 618 
405 1.0 863 
405 1.0 530 
405 1.0 643 
405 1.0 748 
405 1.0 877 
405 1.0 631 
405 1.0 707 
405 1.0 547 
405 1.0 1065 
405 1.0 555 
405 1.0 773 
405 1.0 962 
405 1.0 863 
405 1.0 787 
405 1.0 774 
405 1.0 704 
405 1.0 945 
405 1.0 946 
405 1.0 701 
405 1.0 895 
405 1.0 1048 
405 1.0 655 
405 1.0 605 
405 1.0 747 
405 1.0 700 
405 1.0 1229 
405 1.0 613 
405 1.0 653 
405 1.0 594 
405 1.0 659 
405 1.0 720 
405 1.0 691 
405 1.0 716 
405 1.0 749 
405 1.0 650 
405 1.0 637 
405 1.0 734 
405 1.0 587 
405 1.0 769 
405 1.0 692 
405 1.0 885 
405 1.0 956 
405 1.0 866 
405 1.0 965 
405 1.0 723 
405 1.0 652 
405 1.0 643 
405 1.0 780 
405 1.0 838 
405 1.0 701 
405 1.0 672 
405 1.0 995 
405 1.0 712 
405 1.0 757 
405 1.0 684 
405 1.0 698 
405 1.0 930 
405 1.0 710 