73 0.35436893203883496 74 
61 0.2961165048543689 60 
51 0.24757281553398058 54 
122 0.5922330097087378 138 
74 0.3592233009708738 76 
83 0.4029126213592233 83 
50 0.24271844660194175 50 
40 0.1941747572815534 42 
78 0.3786407766990291 82 
60 0.2912621359223301 60 
92 0.44660194174757284 93 
71 0.3446601941747573 78 
54 0.2621359223300971 54 
119 0.5776699029126213 143 
39 0.18932038834951456 38 
72 0.34951456310679613 72 
97 0.470873786407767 109 
65 0.3155339805825243 82 
118 0.5728155339805825 121 
95 0.46116504854368934 95 
85 0.41262135922330095 84 
77 0.3737864077669903 78 
113 0.5485436893203883 124 
75 0.3640776699029126 77 
83 0.4029126213592233 93 
188 0.912621359223301 227 
67 0.32524271844660196 69 
99 0.48058252427184467 102 
44 0.21359223300970873 43 
111 0.5388349514563107 126 
103 0.5 120 
68 0.3300970873786408 71 
122 0.5922330097087378 125 
63 0.3058252427184466 62 
111 0.5388349514563107 128 
74 0.3592233009708738 74 
71 0.3446601941747573 74 
80 0.3883495145631068 90 
92 0.44660194174757284 102 
97 0.470873786407767 112 
88 0.42718446601941745 90 
87 0.4223300970873786 98 
93 0.45145631067961167 94 
135 0.6553398058252428 162 
50 0.24271844660194175 56 
88 0.42718446601941745 92 
65 0.3155339805825243 69 
98 0.47572815533980584 106 
96 0.46601941747572817 111 
126 0.6116504854368932 136 
121 0.587378640776699 131 
77 0.3737864077669903 79 
104 0.5048543689320388 136 
100 0.4854368932038835 102 
62 0.30097087378640774 62 
104 0.5048543689320388 109 
111 0.5388349514563107 121 
37 0.1796116504854369 38 
100 0.4854368932038835 106 
128 0.6213592233009708 152 
173 0.8398058252427184 229 
102 0.49514563106796117 112 
206 1.0 363 
72 0.34951456310679613 75 
56 0.27184466019417475 63 
49 0.23786407766990292 49 
105 0.5097087378640777 112 
71 0.3446601941747573 72 
72 0.34951456310679613 75 
109 0.529126213592233 122 
73 0.35436893203883496 72 
82 0.39805825242718446 84 
67 0.32524271844660196 69 
79 0.38349514563106796 80 
72 0.34951456310679613 75 
62 0.30097087378640774 63 
106 0.5145631067961165 111 
70 0.33980582524271846 71 
94 0.4563106796116505 109 
171 0.8300970873786407 205 
86 0.4174757281553398 99 
66 0.32038834951456313 71 
92 0.44660194174757284 96 
61 0.2961165048543689 61 
74 0.3592233009708738 74 
84 0.4077669902912621 85 
116 0.5631067961165048 122 
49 0.23786407766990292 48 
107 0.5194174757281553 113 
88 0.42718446601941745 93 
91 0.441747572815534 94 
49 0.23786407766990292 50 
74 0.3592233009708738 74 
31 0.15048543689320387 30 
120 0.5825242718446602 128 
83 0.4029126213592233 86 
85 0.41262135922330095 88 
84 0.4077669902912621 94 
73 0.35436893203883496 75 
50 0.24271844660194175 51 
94 0.4372093023255814 96 
101 0.4697674418604651 107 
88 0.40930232558139534 89 
96 0.44651162790697674 100 
87 0.4046511627906977 93 
57 0.2651162790697674 57 
83 0.386046511627907 85 
145 0.6744186046511628 156 
98 0.4558139534883721 108 
64 0.29767441860465116 64 
142 0.6604651162790698 160 
72 0.33488372093023255 73 
86 0.4 93 
82 0.3813953488372093 82 
56 0.26046511627906976 58 
102 0.4744186046511628 105 
67 0.3116279069767442 69 
93 0.4325581395348837 100 
123 0.5720930232558139 132 
68 0.31627906976744186 69 
88 0.40930232558139534 89 
87 0.4046511627906977 90 
75 0.3488372093023256 74 
60 0.27906976744186046 64 
77 0.3581395348837209 79 
82 0.3813953488372093 83 
78 0.3627906976744186 81 
75 0.3488372093023256 76 
65 0.3023255813953488 65 
176 0.8186046511627907 233 
114 0.5302325581395348 123 
77 0.3581395348837209 78 
76 0.35348837209302325 77 
88 0.40930232558139534 91 
77 0.3581395348837209 78 
93 0.4325581395348837 97 
80 0.37209302325581395 83 
90 0.4186046511627907 93 
61 0.2837209302325581 62 
90 0.4186046511627907 89 
73 0.3395348837209302 74 
75 0.3488372093023256 76 
81 0.3767441860465116 84 
108 0.5023255813953489 117 
114 0.5302325581395348 122 
73 0.3395348837209302 73 
80 0.37209302325581395 82 
115 0.5348837209302325 129 
136 0.6325581395348837 154 
122 0.5674418604651162 127 
116 0.5395348837209303 128 
100 0.46511627906976744 101 
121 0.5627906976744186 124 
105 0.4883720930232558 108 
91 0.4232558139534884 101 
78 0.3627906976744186 80 
100 0.46511627906976744 107 
61 0.2837209302325581 62 
85 0.3953488372093023 91 
103 0.4790697674418605 106 
177 0.8232558139534883 224 
127 0.5906976744186047 136 
80 0.37209302325581395 83 
75 0.3488372093023256 77 
109 0.5069767441860465 112 
58 0.26976744186046514 59 
59 0.2744186046511628 59 
139 0.6465116279069767 161 
103 0.4790697674418605 108 
92 0.42790697674418604 100 
71 0.3302325581395349 72 
101 0.4697674418604651 102 
136 0.6325581395348837 187 
89 0.413953488372093 92 
94 0.4372093023255814 98 
165 0.7674418604651163 191 
81 0.3767441860465116 81 
69 0.3209302325581395 75 
113 0.5255813953488372 124 
84 0.39069767441860465 90 
96 0.44651162790697674 98 
67 0.3116279069767442 68 
111 0.5162790697674419 119 
108 0.5023255813953489 117 
108 0.5023255813953489 110 
86 0.4 87 
89 0.413953488372093 92 
119 0.5534883720930233 128 
98 0.4558139534883721 121 
140 0.6511627906976745 172 
76 0.35348837209302325 76 
95 0.4418604651162791 102 
181 0.8418604651162791 243 
71 0.3302325581395349 72 
59 0.2744186046511628 61 
172 0.8 209 
57 0.2651162790697674 56 
77 0.3581395348837209 80 
81 0.3767441860465116 80 
155 0.7209302325581395 169 
55 0.2534562211981567 55 
121 0.5576036866359447 127 
117 0.5391705069124424 116 
67 0.3087557603686636 66 
124 0.5714285714285714 130 
90 0.4147465437788018 93 
40 0.18433179723502305 39 
133 0.6129032258064516 141 
90 0.4147465437788018 93 
148 0.6820276497695853 166 
137 0.631336405529954 149 
107 0.4930875576036866 112 
93 0.42857142857142855 116 
42 0.1935483870967742 41 
100 0.4608294930875576 110 
106 0.48847926267281105 112 
159 0.7327188940092166 184 
148 0.6820276497695853 170 
111 0.511520737327189 114 
111 0.511520737327189 116 
71 0.3271889400921659 70 
181 0.8341013824884793 212 
110 0.5069124423963134 112 
73 0.33640552995391704 76 
182 0.8387096774193549 208 
94 0.43317972350230416 99 
102 0.4700460829493088 107 
182 0.8387096774193549 215 
160 0.7373271889400922 177 
117 0.5391705069124424 119 
84 0.3870967741935484 91 
111 0.511520737327189 117 
145 0.6682027649769585 153 
74 0.34101382488479265 73 
56 0.25806451612903225 57 
93 0.42857142857142855 94 
123 0.5668202764976958 128 
54 0.2488479262672811 53 
93 0.42857142857142855 97 
52 0.23963133640552994 54 
92 0.423963133640553 92 
170 0.783410138248848 196 
87 0.4009216589861751 88 
44 0.20276497695852536 43 
154 0.7096774193548387 162 
54 0.2488479262672811 53 
47 0.21658986175115208 46 
217 1.0 370 
145 0.6682027649769585 154 
96 0.4423963133640553 106 
157 0.7235023041474654 199 
84 0.3870967741935484 91 
177 0.815668202764977 196 
115 0.5299539170506913 115 
101 0.46543778801843316 105 
152 0.7004608294930875 166 
145 0.6682027649769585 164 
133 0.6129032258064516 160 
119 0.5483870967741935 121 
197 0.9078341013824884 240 
144 0.663594470046083 158 
58 0.2672811059907834 59 
88 0.4055299539170507 90 
123 0.5668202764976958 128 
67 0.3087557603686636 69 
153 0.7050691244239631 160 
159 0.7327188940092166 178 
72 0.3317972350230415 72 
119 0.5483870967741935 119 
61 0.28110599078341014 62 
40 0.18433179723502305 39 
46 0.2119815668202765 45 
148 0.6820276497695853 157 
163 0.7511520737327189 179 
104 0.4792626728110599 108 
174 0.8018433179723502 199 
129 0.5944700460829493 133 
72 0.3317972350230415 74 
107 0.4930875576036866 108 
97 0.4470046082949309 102 
140 0.6451612903225806 151 
152 0.7004608294930875 173 
129 0.5944700460829493 134 
46 0.2119815668202765 47 
60 0.2764976958525346 59 
125 0.576036866359447 131 
107 0.4930875576036866 114 
72 0.3317972350230415 75 
61 0.28110599078341014 62 
164 0.7557603686635944 180 
54 0.2488479262672811 56 
103 0.47465437788018433 110 
128 0.5898617511520737 130 
106 0.48847926267281105 115 
103 0.47465437788018433 109 
213 0.9815668202764977 266 
97 0.4470046082949309 102 
83 0.3824884792626728 84 
41 0.1889400921658986 40 
152 0.7004608294930875 165 
130 0.5777777777777777 149 
55 0.24444444444444444 57 
45 0.2 47 
96 0.4266666666666667 102 
157 0.6977777777777778 175 
45 0.2 44 
70 0.3111111111111111 74 
78 0.3466666666666667 78 
111 0.49333333333333335 123 
143 0.6355555555555555 154 
38 0.1688888888888889 39 
181 0.8044444444444444 221 
43 0.19111111111111112 42 
59 0.26222222222222225 61 
38 0.1688888888888889 37 
68 0.3022222222222222 69 
66 0.29333333333333333 66 
46 0.20444444444444446 45 
49 0.21777777777777776 48 
35 0.15555555555555556 35 
59 0.26222222222222225 61 
75 0.3333333333333333 75 
74 0.3288888888888889 75 
85 0.37777777777777777 95 
90 0.4 93 
121 0.5377777777777778 124 
61 0.27111111111111114 61 
64 0.28444444444444444 67 
38 0.1688888888888889 37 
62 0.27555555555555555 65 
72 0.32 75 
38 0.1688888888888889 38 
51 0.22666666666666666 53 
57 0.25333333333333335 56 
60 0.26666666666666666 60 
114 0.5066666666666667 124 
64 0.28444444444444444 63 
113 0.5022222222222222 119 
66 0.29333333333333333 67 
66 0.29333333333333333 67 
102 0.4533333333333333 108 
65 0.28888888888888886 65 
106 0.4711111111111111 117 
93 0.41333333333333333 96 
45 0.2 44 
182 0.8088888888888889 219 
87 0.38666666666666666 92 
90 0.4 94 
87 0.38666666666666666 89 
94 0.4177777777777778 99 
48 0.21333333333333335 51 
54 0.24 55 
78 0.3466666666666667 81 
45 0.2 45 
84 0.37333333333333335 86 
126 0.56 135 
46 0.20444444444444446 46 
36 0.16 37 
211 0.9377777777777778 293 
44 0.19555555555555557 43 
45 0.2 44 
83 0.3688888888888889 85 
61 0.27111111111111114 61 
137 0.6088888888888889 160 
73 0.3244444444444444 75 
103 0.4577777777777778 106 
48 0.21333333333333335 48 
65 0.28888888888888886 69 
49 0.21777777777777776 50 
65 0.28888888888888886 64 
127 0.5644444444444444 132 
79 0.3511111111111111 80 
41 0.18222222222222223 40 
79 0.3511111111111111 86 
87 0.38666666666666666 93 
50 0.2222222222222222 51 
66 0.29333333333333333 66 
43 0.19111111111111112 43 
68 0.3022222222222222 70 
62 0.27555555555555555 67 
45 0.2 46 
95 0.4222222222222222 104 
40 0.17777777777777778 40 
49 0.21777777777777776 50 
147 0.6533333333333333 157 
155 0.6888888888888889 164 
57 0.25333333333333335 57 
55 0.24444444444444444 58 
146 0.6488888888888888 166 
32 0.14222222222222222 31 
89 0.39555555555555555 95 
65 0.28888888888888886 65 
94 0.4177777777777778 100 
35 0.15555555555555556 34 
51 0.22666666666666666 50 
40 0.17777777777777778 39 
68 0.3022222222222222 70 
69 0.30666666666666664 69 
47 0.2088888888888889 46 
84 0.37333333333333335 87 
66 0.3157894736842105 71 
90 0.430622009569378 98 
52 0.24880382775119617 55 
57 0.2727272727272727 73 
69 0.33014354066985646 75 
71 0.3397129186602871 80 
78 0.37320574162679426 90 
65 0.31100478468899523 69 
104 0.49760765550239233 110 
56 0.2679425837320574 64 
162 0.7751196172248804 336 
38 0.18181818181818182 42 
40 0.19138755980861244 41 
52 0.24880382775119617 55 
38 0.18181818181818182 37 
42 0.20095693779904306 41 
74 0.35406698564593303 81 
88 0.42105263157894735 94 
51 0.24401913875598086 61 
52 0.24880382775119617 55 
81 0.3875598086124402 87 
34 0.16267942583732056 41 
95 0.45454545454545453 110 
40 0.19138755980861244 40 
89 0.4258373205741627 102 
85 0.40669856459330145 95 
136 0.6507177033492823 159 
51 0.24401913875598086 54 
104 0.49760765550239233 121 
138 0.6602870813397129 161 
48 0.22966507177033493 50 
49 0.23444976076555024 51 
115 0.5502392344497608 121 
111 0.5311004784688995 123 
37 0.17703349282296652 37 
41 0.19617224880382775 41 
22 0.10526315789473684 21 
48 0.22966507177033493 73 
28 0.1339712918660287 27 
75 0.3588516746411483 80 
37 0.17703349282296652 38 
19 0.09090909090909091 18 
102 0.4880382775119617 114 
34 0.16267942583732056 46 
41 0.19617224880382775 41 
62 0.2966507177033493 65 
33 0.15789473684210525 34 
45 0.215311004784689 52 
35 0.1674641148325359 37 
52 0.24880382775119617 87 
80 0.3827751196172249 84 
131 0.6267942583732058 141 
66 0.3157894736842105 71 
52 0.24880382775119617 68 
30 0.14354066985645933 29 
48 0.22966507177033493 55 
49 0.23444976076555024 50 
64 0.3062200956937799 67 
125 0.5980861244019139 180 
124 0.5933014354066986 129 
58 0.27751196172248804 61 
54 0.2583732057416268 55 
39 0.18660287081339713 40 
106 0.507177033492823 115 
93 0.4449760765550239 158 
82 0.3923444976076555 110 
23 0.11004784688995216 23 
26 0.12440191387559808 27 
59 0.2822966507177033 67 
23 0.11004784688995216 22 
90 0.430622009569378 127 
58 0.27751196172248804 59 
39 0.18660287081339713 38 
26 0.12440191387559808 29 
98 0.4688995215311005 108 
66 0.3157894736842105 66 
45 0.215311004784689 49 
55 0.2631578947368421 57 
54 0.2583732057416268 68 
98 0.4688995215311005 103 
68 0.3253588516746411 73 
51 0.24401913875598086 56 
131 0.6267942583732058 146 
160 0.7655502392344498 184 
77 0.3684210526315789 80 
128 0.6124401913875598 135 
43 0.20574162679425836 44 
157 0.7511961722488039 193 
69 0.33014354066985646 76 
101 0.48325358851674644 126 
70 0.3349282296650718 102 
43 0.20574162679425836 52 
67 0.32057416267942584 70 
59 0.2822966507177033 61 
89 0.4258373205741627 97 
74 0.35406698564593303 92 
28 0.1339712918660287 35 
87 0.41626794258373206 115 
24 0.11483253588516747 25 
23 0.11004784688995216 22 
206 1.0 361 
206 1.0 310 
206 1.0 430 
206 1.0 351 
206 1.0 337 
206 1.0 350 
206 1.0 412 
206 1.0 332 
206 1.0 500 
206 1.0 381 
206 1.0 330 
206 1.0 343 
206 1.0 328 
206 1.0 302 
206 1.0 309 
206 1.0 310 
206 1.0 365 
206 1.0 308 
206 1.0 336 
206 1.0 351 
206 1.0 347 
206 1.0 367 
206 1.0 320 
206 1.0 327 
206 1.0 376 
206 1.0 413 
206 1.0 328 
206 1.0 389 
206 1.0 426 
206 1.0 353 
206 1.0 331 
206 1.0 345 
206 1.0 334 
206 1.0 389 
206 1.0 432 
206 1.0 305 
206 1.0 368 
206 1.0 360 
206 1.0 299 
206 1.0 341 
206 1.0 341 
206 1.0 369 
206 1.0 415 
206 1.0 397 
206 1.0 376 
206 1.0 317 
206 1.0 419 
206 1.0 312 
206 1.0 379 
206 1.0 302 
206 1.0 451 
206 1.0 393 
206 1.0 403 
206 1.0 398 
206 1.0 376 
206 1.0 372 
206 1.0 385 
206 1.0 367 
206 1.0 408 
206 1.0 339 
206 1.0 362 
206 1.0 311 
206 1.0 489 
206 1.0 416 
206 1.0 337 
206 1.0 299 
206 1.0 343 
206 1.0 502 
206 1.0 319 
206 1.0 332 
206 1.0 353 
206 1.0 327 
206 1.0 360 
206 1.0 350 
206 1.0 317 
206 1.0 474 
206 1.0 333 
206 1.0 335 
206 1.0 377 
206 1.0 310 
206 1.0 392 
206 1.0 382 
206 1.0 315 
206 1.0 346 
206 1.0 385 
206 1.0 306 
206 1.0 337 
206 1.0 361 
206 1.0 369 
206 1.0 310 
206 1.0 366 
206 1.0 333 
206 1.0 312 
206 1.0 339 
206 1.0 356 
206 1.0 332 
206 1.0 308 
206 1.0 337 
206 1.0 311 
206 1.0 397 