14.0 74 74 
42.0 60 60 
14.0 54 54 
22.0 138 138 
22.0 76 76 
30.0 83 83 
14.0 50 50 
16.0 42 42 
18.0 82 82 
14.0 61 61 
18.0 93 93 
14.0 78 78 
18.0 54 54 
20.0 143 143 
14.0 38 38 
20.0 73 73 
24.0 109 109 
18.0 82 82 
28.0 126 126 
42.0 95 95 
14.0 84 84 
30.0 78 78 
20.0 124 124 
22.0 77 77 
16.0 93 93 
30.0 228 228 
20.0 69 69 
22.0 102 102 
22.0 43 43 
18.0 126 126 
16.0 120 120 
14.0 71 71 
14.0 125 125 
14.0 62 62 
12.0 128 128 
18.0 74 74 
14.0 74 74 
26.0 90 90 
22.0 102 102 
20.0 112 112 
16.0 90 90 
16.0 98 98 
24.0 94 94 
14.0 162 162 
20.0 56 56 
20.0 92 92 
22.0 69 69 
16.0 106 106 
14.0 111 111 
48.0 143 143 
26.0 131 131 
12.0 79 79 
14.0 136 136 
26.0 102 102 
12.0 62 62 
14.0 109 109 
12.0 121 121 
14.0 38 38 
26.0 106 106 
26.0 152 152 
22.0 229 229 
20.0 112 112 
60.0 405 405 
14.0 75 75 
16.0 63 63 
14.0 49 49 
18.0 112 112 
14.0 72 72 
22.0 75 75 
22.0 122 122 
18.0 72 72 
24.0 84 84 
22.0 69 69 
18.0 80 80 
16.0 78 78 
30.0 63 63 
24.0 114 114 
14.0 71 71 
18.0 109 109 
16.0 205 205 
16.0 99 99 
14.0 71 71 
46.0 96 96 
16.0 61 61 
20.0 74 74 
14.0 85 85 
42.0 122 122 
16.0 48 48 
14.0 113 113 
20.0 93 93 
16.0 94 94 
14.0 50 50 
14.0 74 74 
14.0 30 30 
42.0 128 128 
16.0 86 86 
24.0 88 88 
16.0 94 94 
36.0 75 75 
14.0 51 51 
30.0 96 96 
26.0 107 107 
30.0 89 89 
30.0 103 103 
32.0 94 94 
28.0 57 57 
28.0 85 85 
30.0 158 158 
30.0 108 108 
32.0 64 64 
28.0 160 160 
32.0 73 73 
28.0 93 93 
28.0 82 82 
28.0 58 58 
32.0 107 107 
28.0 69 69 
30.0 100 100 
32.0 132 132 
30.0 69 69 
28.0 89 89 
30.0 90 90 
28.0 74 74 
30.0 64 64 
32.0 79 79 
30.0 83 83 
28.0 81 81 
28.0 76 76 
30.0 65 65 
28.0 234 234 
32.0 127 127 
28.0 78 78 
28.0 78 78 
28.0 91 91 
26.0 78 78 
30.0 97 97 
30.0 83 83 
32.0 93 93 
30.0 62 62 
30.0 89 89 
28.0 75 75 
28.0 76 76 
28.0 84 84 
34.0 117 117 
28.0 122 122 
28.0 73 73 
28.0 82 82 
32.0 129 129 
30.0 154 154 
28.0 127 127 
32.0 128 128 
30.0 103 103 
30.0 124 124 
32.0 108 108 
32.0 101 101 
26.0 80 80 
30.0 108 108 
30.0 62 62 
28.0 93 93 
32.0 106 106 
30.0 227 227 
30.0 137 137 
34.0 83 83 
32.0 77 77 
32.0 112 112 
28.0 59 59 
32.0 59 59 
28.0 161 161 
30.0 108 108 
28.0 100 100 
30.0 72 72 
34.0 103 103 
30.0 187 187 
30.0 92 92 
26.0 99 99 
28.0 191 191 
28.0 81 81 
30.0 75 75 
32.0 124 124 
26.0 90 90 
30.0 98 98 
30.0 68 68 
30.0 119 119 
28.0 117 117 
26.0 110 110 
34.0 87 87 
26.0 92 92 
30.0 128 128 
30.0 121 121 
26.0 172 172 
30.0 76 76 
32.0 102 102 
32.0 243 243 
30.0 72 72 
30.0 61 61 
28.0 209 209 
26.0 56 56 
30.0 80 80 
28.0 80 80 
32.0 169 169 
44.0 55 55 
52.0 131 131 
52.0 118 118 
34.0 70 70 
36.0 130 130 
48.0 94 94 
26.0 40 40 
52.0 141 141 
28.0 93 93 
36.0 166 166 
48.0 150 150 
48.0 112 112 
46.0 116 116 
34.0 41 41 
46.0 110 110 
48.0 112 112 
52.0 185 185 
52.0 176 176 
42.0 115 115 
52.0 121 121 
52.0 70 70 
48.0 215 215 
56.0 112 112 
48.0 76 76 
48.0 208 208 
48.0 99 99 
36.0 107 107 
54.0 219 219 
60.0 177 177 
50.0 119 119 
24.0 91 91 
48.0 119 119 
52.0 156 156 
24.0 73 73 
42.0 57 57 
44.0 94 94 
36.0 128 128 
36.0 53 53 
38.0 97 97 
24.0 55 55 
24.0 92 92 
52.0 198 198 
26.0 89 89 
24.0 43 43 
56.0 166 166 
24.0 53 53 
38.0 46 46 
56.0 372 372 
52.0 156 156 
54.0 106 106 
50.0 199 199 
52.0 91 91 
48.0 200 200 
52.0 115 115 
50.0 105 105 
54.0 166 166 
56.0 164 164 
36.0 160 160 
50.0 124 124 
56.0 248 248 
48.0 158 158 
24.0 59 59 
48.0 91 91 
52.0 128 128 
36.0 69 69 
32.0 161 161 
48.0 178 178 
36.0 74 74 
26.0 119 119 
52.0 62 62 
24.0 39 39 
42.0 45 45 
50.0 157 157 
50.0 184 184 
54.0 108 108 
52.0 206 206 
48.0 133 133 
48.0 74 74 
36.0 109 109 
58.0 102 102 
52.0 152 152 
54.0 173 173 
56.0 138 138 
24.0 47 47 
26.0 59 59 
46.0 131 131 
44.0 114 114 
24.0 75 75 
42.0 62 62 
46.0 183 183 
48.0 56 56 
52.0 110 110 
36.0 135 135 
24.0 115 115 
44.0 109 109 
46.0 282 282 
52.0 102 102 
42.0 85 85 
24.0 40 40 
56.0 166 166 
20.0 149 149 
22.0 57 57 
20.0 47 47 
22.0 102 102 
20.0 177 177 
22.0 46 46 
20.0 74 74 
22.0 78 78 
22.0 123 123 
24.0 154 154 
20.0 39 39 
22.0 224 224 
20.0 42 42 
22.0 61 61 
20.0 37 37 
22.0 70 70 
22.0 66 66 
20.0 46 46 
22.0 48 48 
20.0 35 35 
20.0 61 61 
20.0 75 75 
22.0 75 75 
22.0 95 95 
20.0 93 93 
20.0 127 127 
22.0 61 61 
20.0 67 67 
20.0 37 37 
22.0 70 70 
20.0 75 75 
20.0 38 38 
20.0 53 53 
20.0 56 56 
22.0 60 60 
20.0 124 124 
22.0 63 63 
22.0 119 119 
20.0 67 67 
20.0 70 70 
20.0 108 108 
20.0 65 65 
22.0 117 117 
20.0 96 96 
20.0 44 44 
22.0 224 224 
20.0 92 92 
20.0 95 95 
24.0 90 90 
20.0 99 99 
20.0 51 51 
22.0 55 55 
20.0 81 81 
22.0 45 45 
22.0 86 86 
20.0 135 135 
20.0 46 46 
20.0 37 37 
24.0 302 302 
22.0 43 43 
22.0 45 45 
20.0 85 85 
20.0 61 61 
20.0 162 162 
26.0 75 75 
22.0 106 106 
22.0 51 51 
22.0 69 69 
20.0 50 50 
22.0 64 64 
22.0 132 132 
20.0 80 80 
24.0 42 42 
24.0 86 86 
24.0 93 93 
22.0 51 51 
22.0 66 66 
20.0 43 43 
20.0 70 70 
22.0 67 67 
22.0 46 46 
24.0 104 104 
20.0 40 40 
20.0 50 50 
22.0 160 160 
20.0 164 164 
20.0 57 57 
20.0 58 58 
24.0 166 166 
20.0 31 31 
20.0 95 95 
24.0 65 65 
24.0 100 100 
20.0 34 34 
20.0 50 50 
20.0 40 40 
22.0 70 70 
22.0 69 69 
20.0 47 47 
22.0 87 87
14.0 71 71 
14.0 103 103 
14.0 55 55 
14.0 73 73 
14.0 75 75 
14.0 82 82 
14.0 90 90 
14.0 69 69 
14.0 110 110 
0.0 -1 -1 
14.0 336 336 
0.0 -1 -1 
14.0 41 41 
14.0 55 55 
14.0 39 39 
14.0 41 41 
12.0 49 49 
14.0 94 94 
14.0 61 61 
14.0 55 55 
14.0 88 88 
0.0 -1 -1 
14.0 110 110 
14.0 40 40 
14.0 102 102 
14.0 95 95 
14.0 160 160 
14.0 54 54 
14.0 122 122 
18.0 161 161 
14.0 50 50 
14.0 51 51 
14.0 121 121 
14.0 123 123 
14.0 38 38 
14.0 41 41 
14.0 21 21 
0.0 -1 -1 
14.0 27 27 
14.0 81 81 
14.0 38 38 
14.0 19 19 
14.0 114 114 
0.0 -1 -1 
14.0 41 41 
14.0 65 65 
14.0 34 34 
10.0 29 29 
14.0 37 37 
12.0 24 24 
14.0 84 84 
14.0 141 141 
10.0 50 50 
10.0 51 51 
14.0 29 29 
14.0 55 55 
14.0 50 50 
16.0 67 67 
14.0 180 180 
14.0 132 132 
14.0 61 61 
14.0 55 55 
14.0 41 41 
14.0 115 115 
0.0 -1 -1 
18.0 110 110 
14.0 23 23 
14.0 27 27 
0.0 -1 -1 
14.0 22 22 
14.0 127 127 
14.0 59 59 
14.0 41 41 
14.0 29 29 
14.0 108 108 
14.0 66 66 
14.0 49 49 
14.0 57 57 
14.0 68 68 
14.0 103 103 
14.0 73 73 
14.0 56 56 
14.0 146 146 
14.0 184 184 
14.0 80 80 
14.0 137 137 
14.0 44 44 
14.0 193 193 
14.0 76 76 
10.0 121 121 
0.0 -1 -1 
14.0 52 52 
14.0 70 70 
14.0 63 63 
14.0 104 104 
14.0 92 92 
0.0 -1 -1 
14.0 115 115 
14.0 25 25 
14.0 22 22 
0.0 0 0 
0.0 -1 -1 
0.0 -1 -1 
0.0 -1 -1 
0.0 -1 -1 
0.0 -1 -1 
0.0 -1 -1 
0.0 -1 -1 
0.0 -1 -1 
0.0 -1 -1 
0.0 -1 -1 
0.0 -1 -1 
0.0 -1 -1 
0.0 -1 -1 
0.0 -1 -1 
0.0 -1 -1 
0.0 -1 -1 
0.0 -1 -1 
0.0 -1 -1 
0.0 -1 -1 
0.0 -1 -1 
0.0 -1 -1 
0.0 -1 -1 
0.0 -1 -1 
0.0 -1 -1 
0.0 -1 -1 
0.0 -1 -1 
0.0 -1 -1 
0.0 -1 -1 
0.0 -1 -1 
0.0 -1 -1 
0.0 -1 -1 
0.0 -1 -1 
0.0 -1 -1 
0.0 -1 -1 
0.0 -1 -1 
0.0 -1 -1 
0.0 -1 -1 
0.0 -1 -1 
0.0 -1 -1 
0.0 -1 -1 
0.0 -1 -1 
0.0 -1 -1 
0.0 -1 -1 
0.0 -1 -1 
0.0 -1 -1 
0.0 -1 -1 
0.0 -1 -1 
0.0 -1 -1 
0.0 -1 -1 
0.0 -1 -1 
0.0 -1 -1 
0.0 -1 -1 
0.0 -1 -1 
0.0 -1 -1 
0.0 -1 -1 
0.0 -1 -1 
0.0 -1 -1 
0.0 -1 -1 
0.0 -1 -1 
0.0 -1 -1 
0.0 -1 -1 
0.0 -1 -1 
0.0 -1 -1 
0.0 -1 -1 
0.0 -1 -1 
0.0 -1 -1 
0.0 -1 -1 
0.0 -1 -1 
0.0 -1 -1 
0.0 -1 -1 
0.0 -1 -1 
0.0 -1 -1 
0.0 -1 -1 
0.0 -1 -1 
0.0 -1 -1 
0.0 -1 -1 
0.0 -1 -1 
0.0 -1 -1 
0.0 -1 -1 
0.0 -1 -1 
0.0 -1 -1 
0.0 -1 -1 
0.0 -1 -1 
0.0 -1 -1 
0.0 -1 -1 
0.0 -1 -1 
0.0 -1 -1 
0.0 -1 -1 
0.0 -1 -1 
0.0 -1 -1 
0.0 -1 -1 
0.0 -1 -1 
0.0 -1 -1 
0.0 -1 -1 
0.0 -1 -1 
0.0 -1 -1 
0.0 -1 -1 
0.0 -1 -1 
0.0 -1 -1 