7 392 
7 481 
7 272 
7 276 
7 419 
7 302 
7 323 
7 359 
7 367 
7 258 
7 241 
7 317 
7 226 
7 419 
7 276 
7 393 
7 261 
7 329 
7 337 
7 347 
7 480 
7 307 
7 241 
7 459 
7 521 
7 284 
7 298 
7 497 
2 130 
7 276 
7 299 
7 216 
7 162 
7 228 
7 386 
7 381 
7 414 
7 275 
7 687 
7 191 
7 506 
7 389 
7 288 
7 276 
7 250 
7 402 
7 240 
7 275 
7 240 
7 275 
7 373 
7 314 
7 281 
7 294 
7 285 
7 407 
7 335 
7 262 
7 432 
7 229 
7 599 
7 279 
7 326 
7 515 
7 234 
7 254 
7 205 
7 467 
7 467 
7 403 
7 482 
7 233 
7 256 
7 245 
7 362 
7 257 
7 239 
7 294 
7 323 
7 401 
7 473 
7 222 
7 219 
7 276 
7 373 
7 305 
7 355 
7 427 
7 409 
7 414 
7 425 
7 353 
7 365 
7 270 
7 245 
7 431 
7 355 
7 324 
7 341 
7 260 
8 340 
8 348 
8 338 
8 341 
8 209 
8 244 
8 191 
8 634 
8 383 
8 377 
8 324 
8 251 
8 443 
8 395 
8 408 
8 298 
8 371 
8 492 
8 272 
8 210 
8 185 
8 207 
8 575 
8 368 
8 408 
8 471 
8 204 
8 505 
8 500 
8 263 
8 417 
8 223 
8 396 
8 543 
8 203 
8 469 
8 336 
8 391 
8 231 
8 407 
8 449 
8 616 
8 190 
8 206 
8 491 
8 449 
8 384 
8 375 
8 271 
8 576 
8 428 
8 224 
8 660 
8 407 
8 383 
8 263 
8 427 
8 385 
8 455 
8 322 
8 232 
8 380 
8 377 
8 467 
8 430 
1 36 
8 440 
8 305 
8 249 
8 190 
8 323 
8 371 
8 209 
8 582 
8 341 
8 447 
8 365 
8 647 
8 332 
8 179 
8 455 
8 383 
8 312 
8 455 
8 335 
8 371 
8 396 
8 377 
8 368 
8 448 
8 377 
8 305 
8 368 
8 404 
8 558 
8 390 
8 265 
8 505 
8 491 
8 287 
8 390 
8 239 
8 211 
8 216 
8 199 
8 457 
8 365 
8 197 
8 184 
8 263 
8 299 
8 294 
8 179 
8 199 
8 239 
8 177 
8 335 
8 304 
8 243 
8 264 
8 269 
8 342 
8 191 
8 254 
8 210 
8 326 
8 163 
8 229 
8 186 
8 419 
8 144 
8 227 
8 417 
8 239 
8 380 
8 215 
8 601 
8 241 
8 203 
8 337 
8 319 
8 357 
8 413 
8 236 
8 445 
8 400 
8 227 
8 264 
8 173 
8 397 
8 203 
8 164 
8 216 
8 137 
8 325 
8 173 
8 383 
8 389 
8 299 
8 257 
8 348 
8 415 
8 168 
8 257 
8 228 
8 258 
8 263 
8 265 
8 250 
8 236 
8 214 
8 203 
8 269 
8 225 
8 237 
8 285 
8 167 
8 204 
8 168 
8 215 
8 503 
8 500 
8 209 
8 256 
8 167 
8 336 
8 202 
8 647 
8 175 
8 441 
8 401 
8 261 
8 176 
8 286 
8 241 
8 205 
8 409 
8 255 
8 233 
8 251 
10 335 
10 362 
10 629 
10 383 
10 253 
10 289 
10 337 
10 437 
10 480 
10 454 
10 647 
10 370 
10 793 
10 269 
10 377 
10 412 
10 293 
10 324 
10 299 
10 383 
10 326 
10 599 
10 380 
10 492 
10 275 
10 388 
10 460 
10 336 
10 491 
10 533 
10 507 
10 305 
10 591 
10 269 
10 578 
10 277 
10 675 
10 592 
10 401 
10 408 
10 444 
10 298 
10 665 
10 511 
10 285 
10 471 
10 365 
10 336 
10 333 
10 617 
10 378 
10 354 
10 286 
10 281 
10 384 
10 256 
10 467 
10 647 
10 258 
10 330 
10 389 
10 287 
10 317 
10 599 
10 266 
10 398 
10 522 
10 359 
10 367 
10 347 
10 326 
10 389 
10 364 
10 239 
10 341 
10 271 
10 462 
10 423 
10 399 
10 227 
10 283 
10 378 
10 593 
5 115 
10 363 
10 430 
10 347 
10 402 
10 434 
10 437 
10 390 
10 287 
10 516 
10 590 
10 273 
10 467 
10 420 
10 339 
10 408 
10 378 
10 269 
10 391 
10 385 
10 228 
10 265 
10 719 
10 384 
10 587 
10 258 
10 401 
10 341 
10 258 
10 393 
10 383 
10 299 
10 317 
10 335 
10 414 
10 288 
10 371 
10 514 
10 240 
10 242 
10 331 
10 449 
10 341 
10 437 
10 545 
10 265 
10 336 
10 342 
10 375 
10 265 
10 239 
10 335 
10 347 
10 611 
10 323 
10 252 
10 518 
10 300 
10 429 
10 462 
10 295 
10 281 
10 603 
10 248 
10 397 
10 419 
10 245 
10 345 
10 281 
10 254 
10 233 
10 278 
10 242 
10 341 
10 396 
10 317 
10 443 
10 279 
10 311 
10 337 
10 555 
10 481 
10 487 
10 390 
10 500 
10 331 
10 432 
10 299 
10 404 
10 526 
10 388 
10 561 
10 503 
10 217 
10 257 
10 352 
10 347 
10 286 
10 263 
10 499 
10 497 
10 396 
10 470 
10 349 
10 350 
10 382 
10 391 
10 249 
10 237 
10 419 
10 259 
10 308 
10 439 
10 413 
10 419 
10 353 
10 239 
34 599 
10 133 
27 319 
34 623 
11 151 
34 545 
34 426 
34 393 
34 570 
34 425 
34 569 
34 457 
34 615 
34 545 
34 461 
34 659 
34 539 
34 467 
34 634 
10 115 
34 485 
34 588 
34 515 
34 707 
34 623 
34 515 
34 577 
34 636 
34 803 
34 434 
34 515 
34 516 
34 510 
34 441 
34 404 
34 695 
34 515 
34 713 
34 546 
34 611 
34 602 
34 553 
34 521 
34 684 
4 49 
34 533 
34 608 
34 779 
34 624 
34 512 
34 519 
34 444 
33 546 
34 587 
34 491 
34 600 
34 555 
29 464 
34 495 
34 528 
34 586 
34 395 
34 557 
34 730 
34 565 
34 554 
34 491 
34 587 
34 445 
34 595 
34 635 
34 607 
34 774 
34 686 
34 709 
34 481 
34 547 
34 659 
34 564 
34 503 
34 869 
34 555 
34 455 
15 209 
34 422 
34 618 
34 363 
34 564 
29 355 
34 528 
34 492 
34 623 
34 735 
34 581 
34 518 
34 646 
34 487 
12 109 
5 49 
34 557 