58 0.20714285714285716 484 
59 0.21071428571428572 546 
40 0.14285714285714285 367 
28 0.1 248 
39 0.1392857142857143 466 
37 0.13214285714285715 287 
48 0.17142857142857143 474 
42 0.15 395 
59 0.21071428571428572 439 
36 0.12857142857142856 443 
32 0.11428571428571428 390 
53 0.18928571428571428 443 
60 0.21428571428571427 537 
46 0.16428571428571428 526 
32 0.11428571428571428 366 
48 0.17142857142857143 444 
47 0.16785714285714284 399 
31 0.11071428571428571 338 
52 0.18571428571428572 578 
35 0.125 336 
33 0.11785714285714285 556 
59 0.21071428571428572 717 
40 0.14285714285714285 298 
41 0.14642857142857144 451 
33 0.11785714285714285 549 
50 0.17857142857142858 464 
37 0.13214285714285715 318 
76 0.2714285714285714 797 
16 0.05714285714285714 143 
46 0.16428571428571428 748 
44 0.15714285714285714 667 
37 0.13214285714285715 372 
27 0.09642857142857143 194 
38 0.1357142857142857 366 
40 0.14285714285714285 396 
46 0.16428571428571428 381 
46 0.16428571428571428 488 
32 0.11428571428571428 312 
67 0.2392857142857143 714 
31 0.11071428571428571 213 
53 0.18928571428571428 512 
33 0.11785714285714285 420 
27 0.09642857142857143 302 
40 0.14285714285714285 435 
38 0.1357142857142857 383 
59 0.21071428571428572 650 
24 0.08571428571428572 217 
38 0.1357142857142857 318 
39 0.1392857142857143 370 
23 0.08214285714285714 252 
44 0.15714285714285714 457 
53 0.18928571428571428 545 
35 0.125 311 
47 0.16785714285714284 348 
55 0.19642857142857142 613 
43 0.15357142857142858 478 
52 0.18571428571428572 447 
53 0.18928571428571428 422 
59 0.21071428571428572 478 
49 0.175 506 
49 0.175 645 
32 0.11428571428571428 288 
41 0.14642857142857144 355 
53 0.18928571428571428 658 
35 0.125 252 
35 0.125 367 
36 0.12857142857142856 204 
52 0.18571428571428572 477 
51 0.18214285714285713 527 
52 0.18571428571428572 430 
52 0.18571428571428572 546 
45 0.16071428571428573 443 
34 0.12142857142857143 270 
48 0.17142857142857143 449 
32 0.11428571428571428 416 
39 0.1392857142857143 363 
32 0.11428571428571428 250 
44 0.15714285714285714 363 
34 0.12142857142857143 345 
54 0.19285714285714287 561 
38 0.1357142857142857 480 
43 0.15357142857142858 331 
19 0.06785714285714285 134 
29 0.10357142857142858 339 
54 0.19285714285714287 381 
49 0.175 419 
35 0.125 395 
42 0.15 480 
46 0.16428571428571428 443 
46 0.16428571428571428 459 
65 0.23214285714285715 495 
78 0.2785714285714286 942 
44 0.15714285714285714 469 
36 0.12857142857142856 407 
47 0.16785714285714284 375 
58 0.20714285714285716 565 
29 0.10357142857142858 386 
36 0.12857142857142856 311 
34 0.12142857142857143 381 
30 0.10714285714285714 249 
43 0.15357142857142858 449 
29 0.10357142857142858 353 
34 0.12142857142857143 344 
62 0.22142857142857142 650 
26 0.09285714285714286 261 
30 0.10714285714285714 261 
73 0.26071428571428573 836 
52 0.18571428571428572 864 
32 0.11428571428571428 462 
51 0.18214285714285713 376 
53 0.18928571428571428 398 
33 0.11785714285714285 219 
37 0.13214285714285715 414 
67 0.2392857142857143 532 
44 0.15714285714285714 456 
39 0.1392857142857143 416 
35 0.125 438 
47 0.16785714285714284 493 
45 0.16071428571428573 470 
41 0.14642857142857144 397 
35 0.125 248 
39 0.1392857142857143 235 
56 0.2 731 
59 0.21071428571428572 622 
49 0.175 436 
37 0.13214285714285715 506 
26 0.09285714285714286 225 
66 0.2357142857142857 615 
54 0.19285714285714287 546 
24 0.08571428571428572 264 
57 0.20357142857142857 449 
25 0.08928571428571429 264 
64 0.22857142857142856 490 
48 0.17142857142857143 750 
27 0.09642857142857143 275 
47 0.16785714285714284 416 
34 0.12142857142857143 482 
45 0.16071428571428573 383 
29 0.10357142857142858 250 
48 0.17142857142857143 406 
65 0.23214285714285715 872 
60 0.21428571428571427 610 
25 0.08928571428571429 277 
60 0.21428571428571427 627 
60 0.21428571428571427 735 
47 0.16785714285714284 546 
47 0.16785714285714284 456 
54 0.19285714285714287 374 
46 0.16428571428571428 379 
60 0.21428571428571427 760 
53 0.18928571428571428 593 
32 0.11428571428571428 252 
42 0.15 617 
28 0.1 384 
59 0.21071428571428572 998 
23 0.08214285714285714 246 
82 0.29285714285714287 928 
35 0.125 385 
41 0.14642857142857144 530 
51 0.18214285714285713 452 
53 0.18928571428571428 507 
67 0.2392857142857143 608 
57 0.20357142857142857 774 
80 0.2857142857142857 810 
28 0.1 479 
6 0.02142857142857143 31 
44 0.15714285714285714 521 
50 0.17857142857142858 513 
37 0.13214285714285715 278 
22 0.07857142857142857 199 
54 0.19285714285714287 429 
41 0.14642857142857144 397 
33 0.11785714285714285 408 
69 0.24642857142857144 769 
32 0.11428571428571428 394 
51 0.18214285714285713 448 
37 0.13214285714285715 630 
49 0.175 638 
50 0.17857142857142858 347 
40 0.14285714285714285 292 
75 0.26785714285714285 898 
64 0.22857142857142856 602 
63 0.225 487 
66 0.2357142857142857 557 
14 0.05 346 
44 0.15714285714285714 673 
40 0.14285714285714285 345 
36 0.12857142857142856 372 
48 0.17142857142857143 382 
59 0.21071428571428572 561 
49 0.175 510 
32 0.11428571428571428 326 
58 0.20714285714285716 687 
46 0.16428571428571428 486 
35 0.125 568 
48 0.17142857142857143 487 
43 0.15357142857142858 361 
54 0.19285714285714287 532 
57 0.20357142857142857 651 
40 0.14285714285714285 564 
42 0.15 528 
38 0.1357142857142857 353 
54 0.19285714285714287 457 
61 0.21785714285714286 501 
21 0.075 169 
74 0.2642857142857143 792 
67 0.2392857142857143 739 
22 0.07857142857142857 158 
32 0.11428571428571428 231 
31 0.11071428571428571 361 
46 0.16428571428571428 306 
56 0.2 602 
27 0.09642857142857143 241 
25 0.08928571428571429 202 
35 0.125 293 
35 0.125 254 
34 0.12142857142857143 391 
54 0.19285714285714287 467 
25 0.08928571428571429 242 
43 0.15357142857142858 577 
58 0.20714285714285716 443 
33 0.11785714285714285 391 
30 0.10714285714285714 203 
38 0.1357142857142857 391 
78 0.2785714285714286 841 
45 0.16071428571428573 560 
27 0.09642857142857143 223 
58 0.20714285714285716 650 
34 0.12142857142857143 404 
62 0.22142857142857142 576 
25 0.08928571428571429 216 
28 0.1 248 
56 0.2 681 
71 0.25357142857142856 646 
93 0.33214285714285713 731 
34 0.12142857142857143 387 
64 0.22857142857142856 610 
39 0.1392857142857143 478 
33 0.11785714285714285 273 
44 0.15714285714285714 347 
51 0.18214285714285713 711 
56 0.2 491 
68 0.24285714285714285 541 
37 0.13214285714285715 236 
63 0.225 531 
63 0.225 714 
23 0.08214285714285714 352 
50 0.17857142857142858 465 
17 0.060714285714285714 182 
49 0.175 479 
23 0.08214285714285714 253 
23 0.08214285714285714 195 
31 0.11071428571428571 250 
12 0.04285714285714286 132 
73 0.26071428571428573 724 
32 0.11428571428571428 201 
92 0.32857142857142857 986 
42 0.15 376 
47 0.16785714285714284 450 
32 0.11428571428571428 309 
37 0.13214285714285715 351 
51 0.18214285714285713 475 
47 0.16785714285714284 438 
48 0.17142857142857143 508 
27 0.09642857142857143 236 
34 0.12142857142857143 264 
43 0.15357142857142858 437 
48 0.17142857142857143 423 
28 0.1 266 
27 0.09642857142857143 300 
48 0.17142857142857143 503 
26 0.09285714285714286 245 
36 0.12857142857142856 285 
52 0.18571428571428572 499 
39 0.1392857142857143 300 
43 0.15357142857142858 374 
37 0.13214285714285715 280 
27 0.09642857142857143 283 
29 0.10357142857142858 229 
15 0.05357142857142857 218 
53 0.18928571428571428 504 
57 0.20357142857142857 707 
24 0.08571428571428572 229 
54 0.19285714285714287 464 
33 0.11785714285714285 281 
35 0.125 386 
36 0.12857142857142856 269 
81 0.2892857142857143 742 
30 0.10714285714285714 219 
42 0.15 384 
80 0.2857142857142857 785 
38 0.1357142857142857 374 
38 0.1357142857142857 312 
22 0.07857142857142857 277 
39 0.1392857142857143 258 
40 0.14285714285714285 371 
49 0.175 417 
43 0.15357142857142858 464 
61 0.21785714285714286 642 
21 0.075 211 
36 0.12857142857142856 337 
39 0.1392857142857143 361 
97 0.3464285714285714 989 
45 0.16071428571428573 671 
35 0.125 282 
38 0.1357142857142857 297 
42 0.15 424 
33 0.11785714285714285 470 
65 0.23214285714285715 738 
42 0.15 487 
66 0.2357142857142857 659 
48 0.17142857142857143 487 
73 0.26071428571428573 977 
55 0.19642857142857142 646 
43 0.15357142857142858 458 
41 0.14642857142857144 479 
28 0.1 315 
38 0.1357142857142857 337 
34 0.12142857142857143 382 
66 0.2357142857142857 695 
23 0.08214285714285714 370 
68 0.24285714285714285 715 
48 0.17142857142857143 663 
35 0.125 550 
40 0.14285714285714285 515 
38 0.1357142857142857 371 
50 0.17857142857142858 474 
43 0.15357142857142858 425 
45 0.16071428571428573 549 
83 0.29642857142857143 995 
53 0.18928571428571428 639 
44 0.15714285714285714 428 
75 0.26785714285714285 623 
59 0.21071428571428572 622 
62 0.22142857142857142 762 
68 0.24285714285714285 646 
62 0.22142857142857142 704 
70 0.25 613 
51 0.18214285714285713 455 
52 0.18571428571428572 428 
54 0.19285714285714287 434 
41 0.14642857142857144 358 
69 0.24642857142857144 680 
68 0.24285714285714285 748 
53 0.18928571428571428 582 
48 0.17142857142857143 484 
24 0.08571428571428572 377 
50 0.17857142857142858 424 
57 0.20357142857142857 573 
58 0.20714285714285716 658 
53 0.18928571428571428 990 
47 0.16785714285714284 550 
32 0.11428571428571428 345 
39 0.1392857142857143 355 
56 0.2 655 
64 0.22857142857142856 549 
32 0.11428571428571428 493 
94 0.3357142857142857 995 
30 0.10714285714285714 278 
65 0.23214285714285715 500 
49 0.175 562 
64 0.22857142857142856 486 
57 0.20357142857142857 496 
55 0.19642857142857142 545 
55 0.19642857142857142 717 
46 0.16428571428571428 441 
55 0.19642857142857142 582 
52 0.18571428571428572 571 
65 0.23214285714285715 586 
36 0.12857142857142856 392 
36 0.12857142857142856 394 
46 0.16428571428571428 476 
40 0.14285714285714285 434 
38 0.1357142857142857 267 
37 0.13214285714285715 357 
47 0.16785714285714284 354 
49 0.175 519 
44 0.15714285714285714 451 
33 0.11785714285714285 478 
33 0.11785714285714285 475 
38 0.1357142857142857 439 
73 0.26071428571428573 660 
49 0.175 628 
17 0.060714285714285714 111 
51 0.18214285714285713 665 
79 0.28214285714285714 950 
50 0.17857142857142858 414 
29 0.10357142857142858 400 
49 0.175 566 
44 0.15714285714285714 530 
87 0.3107142857142857 843 
43 0.15357142857142858 598 
63 0.225 743 
68 0.24285714285714285 929 
38 0.1357142857142857 353 
50 0.17857142857142858 543 
45 0.16071428571428573 590 
25 0.08928571428571429 356 
40 0.14285714285714285 404 
45 0.16071428571428573 375 
30 0.10714285714285714 405 
40 0.14285714285714285 373 
41 0.14642857142857144 445 
32 0.11428571428571428 239 
41 0.14642857142857144 389 
85 0.30357142857142855 851 
72 0.2571428571428571 715 
55 0.19642857142857142 645 
30 0.10714285714285714 281 
40 0.14285714285714285 405 
36 0.12857142857142856 322 
28 0.1 320 
44 0.15714285714285714 444 
53 0.18928571428571428 429 
29 0.10357142857142858 341 
34 0.12142857142857143 366 
38 0.1357142857142857 335 
45 0.16071428571428573 497 
37 0.13214285714285715 402 
41 0.14642857142857144 393 
68 0.24285714285714285 553 
24 0.08571428571428572 334 
28 0.1 489 
33 0.11785714285714285 389 
56 0.2 512 
29 0.10357142857142858 360 
58 0.20714285714285716 642 
55 0.19642857142857142 552 
41 0.14642857142857144 311 
40 0.14285714285714285 434 
48 0.17142857142857143 275 
59 0.21071428571428572 442 
43 0.15357142857142858 367 
36 0.12857142857142856 289 
38 0.1357142857142857 358 
36 0.12857142857142856 398 
48 0.17142857142857143 658 
35 0.125 338 
34 0.12142857142857143 329 
42 0.15 616 
22 0.07857142857142857 329 
38 0.1357142857142857 467 
58 0.20714285714285716 918 
60 0.21428571428571427 462 
39 0.1392857142857143 396 
59 0.21071428571428572 637 
37 0.13214285714285715 331 
39 0.1392857142857143 492 
47 0.16785714285714284 453 
48 0.17142857142857143 534 
48 0.17142857142857143 448 
37 0.13214285714285715 334 
34 0.12142857142857143 270 
30 0.10714285714285714 265 
44 0.15714285714285714 366 
40 0.14285714285714285 626 
60 0.21428571428571427 605 
31 0.11071428571428571 444 
29 0.10357142857142858 369 
42 0.15 810 
40 0.14285714285714285 467 
49 0.175 375 
63 0.225 580 
56 0.2 561 
41 0.14642857142857144 514 
39 0.1392857142857143 483 
42 0.15 393 
53 0.18928571428571428 552 
61 0.21785714285714286 654 
51 0.18214285714285713 570 
39 0.1392857142857143 393 
50 0.17857142857142858 454 
68 0.24285714285714285 539 
41 0.14642857142857144 419 
75 0.26785714285714285 733 
71 0.25357142857142856 626 
25 0.08928571428571429 243 
29 0.10357142857142858 284 
47 0.16785714285714284 389 
38 0.1357142857142857 350 
43 0.15357142857142858 659 
80 0.2857142857142857 721 
47 0.16785714285714284 509 
59 0.21071428571428572 494 
53 0.18928571428571428 403 
78 0.2785714285714286 745 
40 0.14285714285714285 442 
46 0.16428571428571428 643 
33 0.11785714285714285 376 
36 0.12857142857142856 373 
38 0.1357142857142857 352 
27 0.09642857142857143 276 
34 0.12142857142857143 398 
57 0.20357142857142857 641 
31 0.11071428571428571 352 
58 0.20714285714285716 640 
51 0.18214285714285713 457 
54 0.19285714285714287 453 
53 0.18928571428571428 458 
29 0.10357142857142858 264 
61 0.21785714285714286 638 
19 0.06785714285714285 127 
35 0.125 308 
69 0.24642857142857144 637 
16 0.05714285714285714 144 
59 0.21071428571428572 709 
38 0.1357142857142857 403 
66 0.2357142857142857 547 
65 0.23214285714285715 642 
54 0.19285714285714287 781 
85 0.30357142857142855 824 
44 0.15714285714285714 470 
73 0.26071428571428573 649 
43 0.15357142857142858 562 
52 0.18571428571428572 613 
69 0.24642857142857144 935 
83 0.29642857142857143 688 
60 0.21428571428571427 496 
73 0.26071428571428573 799 
15 0.05357142857142857 114 
43 0.15357142857142858 412 
41 0.14642857142857144 772 
80 0.2857142857142857 674 
67 0.2392857142857143 725 
45 0.16071428571428573 735 
41 0.14642857142857144 620 
68 0.24285714285714285 653 
75 0.26785714285714285 680 
53 0.18928571428571428 893 
56 0.2 495 
49 0.175 555 
62 0.22142857142857142 670 
48 0.17142857142857143 584 
64 0.22857142857142856 624 
58 0.20714285714285716 695 
96 0.34285714285714286 910 
66 0.2357142857142857 689 
62 0.22142857142857142 964 
71 0.25357142857142856 662 
68 0.24285714285714285 885 
66 0.2357142857142857 901 
61 0.21785714285714286 663 
48 0.17142857142857143 541 
66 0.2357142857142857 700 
7 0.025 31 
53 0.18928571428571428 542 
61 0.21785714285714286 549 
71 0.25357142857142856 895 
52 0.18571428571428572 630 
54 0.19285714285714287 617 
54 0.19285714285714287 534 
60 0.21428571428571427 800 
43 0.15357142857142858 820 
55 0.19642857142857142 584 
43 0.15357142857142858 493 
66 0.2357142857142857 620 
69 0.24642857142857144 999 
45 0.16071428571428573 394 
79 0.28214285714285714 656 
63 0.225 671 
67 0.2392857142857143 746 
57 0.20357142857142857 499 
72 0.2571428571428571 704 
79 0.28214285714285714 991 
43 0.15357142857142858 595 
81 0.2892857142857143 1000 
67 0.2392857142857143 659 
67 0.2392857142857143 649 
44 0.15714285714285714 530 
71 0.25357142857142856 833 
66 0.2357142857142857 703 
73 0.26071428571428573 738 
68 0.24285714285714285 801 
70 0.25 794 
80 0.2857142857142857 909 
36 0.12857142857142856 594 
57 0.20357142857142857 553 
80 0.2857142857142857 688 
65 0.23214285714285715 574 
68 0.24285714285714285 617 
82 0.29285714285714287 886 
46 0.16428571428571428 712 
38 0.1357142857142857 488 
20 0.07142857142857142 177 
61 0.21785714285714286 530 
65 0.23214285714285715 618 
54 0.19285714285714287 693 
67 0.2392857142857143 826 
40 0.14285714285714285 355 
56 0.2 596 
57 0.20357142857142857 578 
71 0.25357142857142856 666 
57 0.20357142857142857 694 
72 0.2571428571428571 613 
70 0.25 726 
65 0.23214285714285715 735 
53 0.18928571428571428 502 
12 0.04285714285714286 93 
13 0.04642857142857143 45 
55 0.19642857142857142 687 