72 0.34951456310679613 81 
60 0.2912621359223301 63 
101 0.49029126213592233 121 
100 0.4854368932038835 120 
54 0.2621359223300971 60 
51 0.24757281553398058 57 
121 0.587378640776699 144 
112 0.5436893203883495 130 
131 0.6359223300970874 153 
101 0.49029126213592233 109 
69 0.33495145631067963 79 
79 0.38349514563106796 103 
157 0.7621359223300971 204 
59 0.28640776699029125 62 
80 0.3883495145631068 90 
77 0.3737864077669903 91 
80 0.3883495145631068 89 
43 0.2087378640776699 57 
37 0.1796116504854369 44 
109 0.529126213592233 121 
77 0.3737864077669903 90 
106 0.5145631067961165 111 
65 0.3155339805825243 71 
40 0.1941747572815534 48 
51 0.24757281553398058 68 
60 0.2912621359223301 72 
85 0.41262135922330095 102 
99 0.48058252427184467 109 
42 0.20388349514563106 48 
80 0.3883495145631068 94 
92 0.44660194174757284 118 
58 0.2815533980582524 66 
107 0.5194174757281553 128 
65 0.3155339805825243 70 
120 0.5825242718446602 136 
141 0.6844660194174758 167 
49 0.23786407766990292 53 
96 0.46601941747572817 132 
66 0.32038834951456313 67 
77 0.3737864077669903 83 
132 0.6407766990291263 189 
43 0.2087378640776699 53 
69 0.33495145631067963 75 
111 0.5388349514563107 128 
107 0.5194174757281553 114 
145 0.7038834951456311 173 
34 0.1650485436893204 38 
37 0.1796116504854369 41 
79 0.38349514563106796 100 
113 0.5485436893203883 126 
100 0.4854368932038835 115 
82 0.39805825242718446 113 
49 0.23786407766990292 55 
46 0.22330097087378642 49 
94 0.4563106796116505 102 
95 0.46116504854368934 123 
54 0.2621359223300971 58 
66 0.32038834951456313 69 
93 0.45145631067961167 107 
63 0.3058252427184466 72 
79 0.38349514563106796 104 
61 0.2961165048543689 63 
66 0.32038834951456313 75 
90 0.4368932038834951 101 
106 0.5145631067961165 115 
84 0.4077669902912621 103 
84 0.4077669902912621 104 
90 0.4368932038834951 106 
125 0.6067961165048543 143 
57 0.2766990291262136 80 
108 0.5242718446601942 142 
109 0.529126213592233 127 
51 0.24757281553398058 71 
121 0.587378640776699 142 
103 0.5 140 
40 0.1941747572815534 56 
115 0.558252427184466 152 
89 0.4320388349514563 131 
55 0.2669902912621359 59 
184 0.8932038834951457 336 
57 0.2766990291262136 66 
131 0.6359223300970874 171 
70 0.33980582524271846 76 
138 0.6699029126213593 162 
101 0.49029126213592233 119 
95 0.46116504854368934 108 
103 0.5 116 
91 0.441747572815534 101 
69 0.33495145631067963 72 
101 0.49029126213592233 113 
43 0.2087378640776699 46 
177 0.8592233009708737 283 
81 0.3932038834951456 91 
36 0.17475728155339806 38 
85 0.41262135922330095 104 
58 0.2815533980582524 61 
71 0.3446601941747573 73 
77 0.3737864077669903 86 
53 0.25728155339805825 56 
148 0.7184466019417476 194 
48 0.22325581395348837 50 
145 0.6744186046511628 169 
78 0.3627906976744186 86 
114 0.5302325581395348 133 
78 0.3627906976744186 82 
73 0.3395348837209302 81 
68 0.31627906976744186 75 
138 0.641860465116279 157 
105 0.4883720930232558 120 
71 0.3302325581395349 80 
59 0.2744186046511628 63 
101 0.4697674418604651 114 
64 0.29767441860465116 68 
103 0.4790697674418605 119 
95 0.4418604651162791 104 
111 0.5162790697674419 130 
80 0.37209302325581395 85 
51 0.2372093023255814 58 
54 0.25116279069767444 58 
73 0.3395348837209302 82 
103 0.4790697674418605 115 
119 0.5534883720930233 136 
75 0.3488372093023256 84 
113 0.5255813953488372 133 
174 0.8093023255813954 230 
97 0.4511627906976744 108 
111 0.5162790697674419 129 
103 0.4790697674418605 122 
85 0.3953488372093023 106 
86 0.4 98 
56 0.26046511627906976 66 
85 0.3953488372093023 95 
121 0.5627906976744186 155 
103 0.4790697674418605 138 
75 0.3488372093023256 79 
92 0.42790697674418604 103 
62 0.28837209302325584 72 
82 0.3813953488372093 91 
80 0.37209302325581395 92 
96 0.44651162790697674 109 
59 0.2744186046511628 71 
100 0.46511627906976744 111 
93 0.4325581395348837 100 
79 0.3674418604651163 82 
123 0.5720930232558139 136 
78 0.3627906976744186 85 
104 0.48372093023255813 123 
94 0.4372093023255814 102 
81 0.3767441860465116 86 
171 0.7953488372093023 259 
72 0.33488372093023255 85 
72 0.33488372093023255 80 
71 0.3302325581395349 76 
78 0.3627906976744186 94 
148 0.6883720930232559 174 
124 0.5767441860465117 140 
73 0.3395348837209302 77 
63 0.2930232558139535 72 
77 0.3581395348837209 89 
103 0.4790697674418605 117 
80 0.37209302325581395 84 
83 0.386046511627907 86 
71 0.3302325581395349 75 
97 0.4511627906976744 107 
106 0.4930232558139535 123 
73 0.3395348837209302 76 
78 0.3627906976744186 84 
78 0.3627906976744186 82 
116 0.5395348837209303 133 
90 0.4186046511627907 95 
142 0.6604651162790698 160 
69 0.3209302325581395 74 
92 0.42790697674418604 99 
109 0.5069767441860465 127 
96 0.44651162790697674 118 
71 0.3302325581395349 80 
61 0.2837209302325581 67 
69 0.3209302325581395 78 
64 0.29767441860465116 68 
72 0.33488372093023255 78 
155 0.7209302325581395 182 
85 0.3953488372093023 90 
106 0.4930232558139535 128 
85 0.3953488372093023 90 
72 0.33488372093023255 77 
94 0.4372093023255814 108 
80 0.37209302325581395 86 
92 0.42790697674418604 104 
71 0.3302325581395349 77 
79 0.3674418604651163 84 
64 0.29767441860465116 69 
75 0.3488372093023256 83 
102 0.4744186046511628 121 
108 0.5023255813953489 119 
105 0.4883720930232558 124 
60 0.27906976744186046 68 
105 0.4883720930232558 123 
128 0.5953488372093023 155 
86 0.4 97 
89 0.413953488372093 100 
50 0.2304147465437788 56 
113 0.5207373271889401 130 
52 0.23963133640552994 55 
85 0.391705069124424 98 
78 0.35944700460829493 94 
84 0.3870967741935484 92 
100 0.4608294930875576 108 
117 0.5391705069124424 132 
54 0.2488479262672811 55 
101 0.46543778801843316 118 
99 0.45622119815668205 109 
91 0.41935483870967744 93 
190 0.8755760368663594 246 
112 0.5161290322580645 128 
96 0.4423963133640553 110 
38 0.17511520737327188 39 
137 0.631336405529954 147 
99 0.45622119815668205 120 
82 0.3778801843317972 91 
108 0.4976958525345622 119 
117 0.5391705069124424 136 
83 0.3824884792626728 88 
107 0.4930875576036866 127 
65 0.2995391705069124 69 
60 0.2764976958525346 65 
120 0.5529953917050692 129 
82 0.3778801843317972 89 
105 0.4838709677419355 114 
95 0.4377880184331797 112 
148 0.6820276497695853 176 
113 0.5207373271889401 133 
77 0.3548387096774194 86 
54 0.2488479262672811 60 
72 0.3317972350230415 78 
144 0.663594470046083 174 
106 0.48847926267281105 111 
89 0.41013824884792627 102 
79 0.3640552995391705 82 
134 0.6175115207373272 154 
150 0.6912442396313364 172 
91 0.41935483870967744 100 
74 0.34101382488479265 92 
109 0.5023041474654378 128 
92 0.423963133640553 98 
178 0.8202764976958525 214 
84 0.3870967741935484 91 
138 0.6359447004608295 167 
42 0.1935483870967742 44 
76 0.35023041474654376 84 
65 0.2995391705069124 70 
48 0.22119815668202766 53 
104 0.4792626728110599 113 
104 0.4792626728110599 113 
144 0.663594470046083 163 
86 0.39631336405529954 93 
41 0.1889400921658986 43 
104 0.4792626728110599 115 
93 0.42857142857142855 104 
111 0.511520737327189 124 
117 0.5391705069124424 128 
133 0.6129032258064516 162 
162 0.7465437788018433 189 
63 0.2903225806451613 70 
53 0.24423963133640553 55 
73 0.33640552995391704 87 
57 0.2626728110599078 62 
141 0.6497695852534562 184 
99 0.45622119815668205 112 
177 0.815668202764977 229 
63 0.2903225806451613 74 
131 0.6036866359447005 148 
167 0.7695852534562212 194 
117 0.5391705069124424 146 
100 0.4608294930875576 115 
97 0.4470046082949309 110 
129 0.5944700460829493 160 
64 0.29493087557603687 82 
87 0.4009216589861751 96 
119 0.5483870967741935 130 
121 0.5576036866359447 138 
139 0.6405529953917051 156 
66 0.30414746543778803 82 
134 0.6175115207373272 143 
53 0.24423963133640553 56 
123 0.5668202764976958 140 
98 0.45161290322580644 111 
67 0.3087557603686636 96 
140 0.6451612903225806 146 
55 0.2534562211981567 59 
96 0.4423963133640553 109 
50 0.2304147465437788 56 
123 0.5668202764976958 137 
123 0.5668202764976958 146 
109 0.5023041474654378 121 
82 0.3778801843317972 93 
77 0.3548387096774194 94 
87 0.4009216589861751 98 
125 0.576036866359447 144 
118 0.543778801843318 135 
145 0.6682027649769585 168 
47 0.2088888888888889 51 
93 0.41333333333333333 99 
76 0.3377777777777778 82 
80 0.35555555555555557 83 
49 0.21777777777777776 53 
76 0.3377777777777778 98 
54 0.24 72 
34 0.1511111111111111 38 
82 0.36444444444444446 91 
51 0.22666666666666666 54 
72 0.32 78 
41 0.18222222222222223 46 
63 0.28 67 
45 0.2 48 
32 0.14222222222222222 39 
80 0.35555555555555557 90 
67 0.29777777777777775 72 
75 0.3333333333333333 87 
37 0.16444444444444445 39 
74 0.3288888888888889 87 
82 0.36444444444444446 95 
57 0.25333333333333335 61 
44 0.19555555555555557 44 
49 0.21777777777777776 52 
60 0.26666666666666666 62 
114 0.5066666666666667 137 
60 0.26666666666666666 69 
91 0.40444444444444444 114 
93 0.41333333333333333 100 
49 0.21777777777777776 54 
53 0.23555555555555555 57 
112 0.49777777777777776 135 
70 0.3111111111111111 78 
72 0.32 76 
41 0.18222222222222223 42 
114 0.5066666666666667 130 
53 0.23555555555555555 58 
111 0.49333333333333335 119 
54 0.24 61 
79 0.3511111111111111 84 
52 0.2311111111111111 54 
127 0.5644444444444444 150 
38 0.1688888888888889 40 
96 0.4266666666666667 110 
76 0.3377777777777778 79 
55 0.24444444444444444 60 
50 0.2222222222222222 51 
45 0.2 54 
69 0.30666666666666664 76 
55 0.24444444444444444 64 
33 0.14666666666666667 36 
58 0.2577777777777778 64 
178 0.7911111111111111 240 
38 0.1688888888888889 45 
39 0.17333333333333334 39 
93 0.41333333333333333 104 
42 0.18666666666666668 48 
119 0.5288888888888889 138 
60 0.26666666666666666 63 
109 0.48444444444444446 129 
180 0.8 221 
57 0.25333333333333335 61 
100 0.4444444444444444 116 
37 0.16444444444444445 38 
40 0.17777777777777778 45 
52 0.2311111111111111 57 
100 0.4444444444444444 109 
52 0.2311111111111111 60 
46 0.20444444444444446 50 
51 0.22666666666666666 58 
52 0.2311111111111111 57 
60 0.26666666666666666 69 
69 0.30666666666666664 78 
39 0.17333333333333334 40 
65 0.28888888888888886 77 
35 0.15555555555555556 36 
38 0.1688888888888889 37 
70 0.3111111111111111 72 
87 0.38666666666666666 106 
69 0.30666666666666664 83 
64 0.28444444444444444 69 
76 0.3377777777777778 90 
35 0.15555555555555556 43 
37 0.16444444444444445 37 
61 0.27111111111111114 68 
48 0.21333333333333335 54 
109 0.48444444444444446 117 
45 0.2 51 
51 0.22666666666666666 55 
35 0.15555555555555556 37 
42 0.18666666666666668 42 
53 0.23555555555555555 58 
43 0.19111111111111112 45 
52 0.2311111111111111 55 
81 0.36 85 
50 0.2222222222222222 61 
50 0.2222222222222222 51 
49 0.21777777777777776 54 
44 0.19555555555555557 46 
89 0.39555555555555555 97 
99 0.47368421052631576 113 
46 0.22009569377990432 51 
44 0.21052631578947367 48 
42 0.20095693779904306 43 
20 0.09569377990430622 21 
50 0.23923444976076555 57 
55 0.2631578947368421 65 
49 0.23444976076555024 58 
54 0.2583732057416268 58 
55 0.2631578947368421 63 
74 0.35406698564593303 80 
51 0.24401913875598086 55 
42 0.20095693779904306 42 
84 0.4019138755980861 93 
159 0.7607655502392344 180 
77 0.3684210526315789 82 
18 0.0861244019138756 20 
37 0.17703349282296652 46 
33 0.15789473684210525 38 
72 0.3444976076555024 73 
80 0.3827751196172249 100 
22 0.10526315789473684 23 
86 0.41148325358851673 97 
39 0.18660287081339713 40 
54 0.2583732057416268 60 
24 0.11483253588516747 26 
49 0.23444976076555024 54 
29 0.13875598086124402 29 
43 0.20574162679425836 45 
39 0.18660287081339713 41 
42 0.20095693779904306 43 
49 0.23444976076555024 59 
49 0.23444976076555024 52 
102 0.4880382775119617 131 
74 0.35406698564593303 77 
57 0.2727272727272727 64 
83 0.39712918660287083 98 
28 0.1339712918660287 28 
33 0.15789473684210525 52 
47 0.22488038277511962 47 
26 0.12440191387559808 31 
24 0.11483253588516747 24 
50 0.23923444976076555 55 
25 0.11961722488038277 28 
39 0.18660287081339713 43 
68 0.3253588516746411 70 
53 0.2535885167464115 62 
47 0.22488038277511962 47 
46 0.22009569377990432 47 
53 0.2535885167464115 55 
61 0.291866028708134 67 
58 0.27751196172248804 61 
57 0.2727272727272727 59 
79 0.37799043062200954 99 
17 0.08133971291866028 17 
21 0.10047846889952153 21 
25 0.11961722488038277 25 
18 0.0861244019138756 18 
28 0.1339712918660287 27 
60 0.28708133971291866 65 
66 0.3157894736842105 78 
34 0.16267942583732056 43 
104 0.49760765550239233 132 
46 0.22009569377990432 49 
42 0.20095693779904306 46 
52 0.24880382775119617 56 
26 0.12440191387559808 27 
36 0.1722488038277512 37 
85 0.40669856459330145 100 
19 0.09090909090909091 19 
22 0.10526315789473684 24 
45 0.215311004784689 47 
58 0.27751196172248804 59 
58 0.27751196172248804 65 
60 0.28708133971291866 66 
48 0.22966507177033493 53 
65 0.31100478468899523 69 
105 0.5023923444976076 115 
35 0.1674641148325359 64 
28 0.1339712918660287 30 
67 0.32057416267942584 70 
86 0.41148325358851673 97 
86 0.41148325358851673 113 
91 0.4354066985645933 98 
47 0.22488038277511962 71 
83 0.39712918660287083 91 
60 0.28708133971291866 74 
39 0.18660287081339713 42 
113 0.5406698564593302 135 
48 0.22966507177033493 54 
48 0.22966507177033493 49 
41 0.19617224880382775 46 
47 0.22488038277511962 50 
81 0.3875598086124402 91 
20 0.09569377990430622 21 
47 0.22488038277511962 52 
64 0.3062200956937799 71 
43 0.20574162679425836 46 
60 0.28708133971291866 67 
101 0.48325358851674644 111 
206 1.0 380 
206 1.0 581 
206 1.0 319 
206 1.0 404 
206 1.0 418 
206 1.0 490 
206 1.0 400 
206 1.0 352 
206 1.0 381 
206 1.0 392 
206 1.0 463 
206 1.0 483 
206 1.0 365 
206 1.0 415 
206 1.0 499 
206 1.0 447 
206 1.0 535 
206 1.0 386 
206 1.0 467 
206 1.0 426 
206 1.0 388 
206 1.0 411 
206 1.0 389 
206 1.0 454 
206 1.0 358 
206 1.0 420 
206 1.0 387 
206 1.0 381 
206 1.0 354 
206 1.0 446 
206 1.0 368 
206 1.0 505 
206 1.0 324 
206 1.0 458 
206 1.0 378 
206 1.0 402 
206 1.0 440 
206 1.0 433 
206 1.0 391 
206 1.0 437 
206 1.0 469 
206 1.0 416 
206 1.0 425 
206 1.0 461 
206 1.0 461 
206 1.0 521 
206 1.0 438 
206 1.0 404 
206 1.0 583 
206 1.0 411 
206 1.0 502 
206 1.0 493 
206 1.0 441 
206 1.0 476 
206 1.0 404 
206 1.0 427 
206 1.0 358 
206 1.0 351 
206 1.0 354 
206 1.0 422 
206 1.0 428 
206 1.0 451 
206 1.0 548 
206 1.0 381 
206 1.0 342 
206 1.0 472 
206 1.0 429 
206 1.0 449 
206 1.0 334 
206 1.0 398 
206 1.0 357 
206 1.0 383 
206 1.0 371 
206 1.0 391 
206 1.0 397 
206 1.0 430 
206 1.0 392 
206 1.0 397 
206 1.0 540 
206 1.0 528 
206 1.0 358 
206 1.0 570 
206 1.0 405 
206 1.0 349 
206 1.0 538 
206 1.0 407 
206 1.0 386 
206 1.0 460 
206 1.0 484 
206 1.0 438 
206 1.0 388 
206 1.0 363 
206 1.0 455 
206 1.0 401 
206 1.0 474 
206 1.0 579 
206 1.0 357 
206 1.0 451 
206 1.0 509 
206 1.0 454 