7 488 209 284 86 84 1702 
7 467 205 271 56 67 1359 
7 478 210 274 92 61 1962 
7 470 196 279 175 101 1209 
7 473 197 284 235 146 1676 
7 502 229 283 134 63 1412 
7 497 219 284 94 91 1987 
7 470 208 267 66 64 1267 
7 475 207 273 291 72 1435 
7 465 202 267 42 41 1627 
7 490 207 285 163 70 1577 
7 497 217 284 56 91 1497 
7 467 206 274 251 393 1671 
7 456 191 270 43 41 1447 
7 480 207 276 52 50 1965 
7 457 203 265 181 203 1856 
7 488 210 285 143 83 1660 
7 502 226 284 44 42 1639 
7 505 222 285 73 139 1807 
7 472 193 280 210 93 1599 
7 471 203 272 68 111 1459 
7 496 214 286 49 47 1974 
7 489 213 283 106 113 1763 
7 477 208 273 46 45 1455 
7 482 204 281 115 116 1251 
7 486 206 285 163 100 1485 
7 501 221 285 151 148 1955 
7 494 214 285 96 95 1960 
7 477 201 278 92 67 1778 
7 151 63 91 79 51 310 
7 476 204 278 273 136 1427 
7 495 214 284 249 247 1918 
7 475 195 283 203 98 1419 
7 488 210 284 69 68 1871 
7 448 183 270 64 60 1965 
7 486 213 278 333 93 1499 
7 485 207 284 85 83 1675 
7 496 219 283 178 70 1492 
7 480 208 275 56 51 1635 
7 488 210 284 255 253 1743 
7 257 105 153 179 74 510 
7 501 225 283 93 91 1344 
7 495 216 285 173 60 1966 
7 300 127 177 87 85 614 
7 473 204 275 85 67 1663 
7 491 216 281 62 87 1513 
7 469 205 267 99 97 1847 
7 462 190 275 72 109 1381 
7 482 203 283 374 243 1531 
7 479 201 283 109 107 1259 
7 442 183 265 215 200 1623 
7 467 196 274 89 87 1936 
7 478 209 275 119 60 1824 
7 492 214 284 138 50 1955 
7 485 211 284 116 115 1452 
7 484 204 285 362 298 1716 
7 469 198 274 200 58 1628 
7 495 213 283 369 132 1687 
7 498 216 285 215 214 1417 
7 498 218 286 152 52 1647 
7 493 215 286 193 167 1563 
4 86 36 50 14 74 182 
7 493 216 283 123 121 1995 
7 461 195 271 279 277 1996 
7 495 212 285 204 164 1511 
7 493 216 283 52 50 1910 
7 483 211 279 73 211 1411 
7 496 221 283 220 166 1613 
7 480 204 279 100 107 1524 
7 485 204 286 226 175 1891 
7 465 194 275 99 70 1292 
7 474 208 273 77 75 1709 
7 469 208 271 50 92 1759 
7 493 218 282 199 38 1627 
7 492 209 286 196 195 1771 
7 468 199 271 108 106 1419 
7 482 205 280 84 82 1982 
7 481 202 285 121 91 1911 
7 402 170 233 43 42 1195 
7 474 198 279 54 52 1968 
7 471 196 277 260 59 1963 
7 152 71 86 49 47 307 
7 467 195 276 320 247 1876 
7 494 217 284 398 237 1476 
7 481 210 277 59 67 1343 
7 489 212 285 157 79 1979 
7 438 191 252 128 126 1267 
7 482 204 282 187 58 1605 
7 453 185 271 77 76 1722 
7 490 214 285 164 132 1954 
7 494 211 284 221 55 1728 
7 472 203 276 141 65 1363 
7 457 197 266 119 70 1879 
7 460 204 264 43 41 1612 
7 407 173 239 113 105 1884 
7 488 215 282 122 86 1551 
7 480 206 278 64 62 1519 
7 492 210 285 69 67 1617 
7 490 214 284 55 127 1560 
7 481 212 279 193 87 1520 
7 492 193 304 790 545 1611 
7 498 204 300 299 251 1799 
7 503 203 308 586 362 1683 
7 490 200 300 349 255 1997 
7 438 174 270 294 237 1998 
7 442 177 273 460 406 1535 
7 504 202 305 178 104 1664 
7 489 193 301 658 590 1971 
7 482 195 292 566 184 1565 
6 348 143 213 165 164 737 
7 462 184 285 561 170 1839 
7 446 177 273 333 304 1579 
7 504 203 309 775 247 1863 
7 377 154 228 394 338 770 
7 433 172 263 570 569 942 
7 501 208 302 975 294 1604 
7 477 198 286 242 200 1977 
7 502 204 304 424 316 1983 
7 502 205 306 839 782 1603 
7 497 204 296 688 145 1909 
7 497 195 308 420 347 1495 
7 509 204 306 267 189 1783 
7 516 215 309 248 271 1999 
7 492 205 294 440 389 1391 
7 496 200 300 734 690 1779 
7 508 206 304 490 167 1913 
7 504 197 310 606 111 1770 
7 506 204 308 697 542 1759 
3 45 18 27 2 43 95 
7 499 206 301 377 330 1748 
7 498 200 299 207 166 1727 
7 486 206 289 203 202 1831 
7 500 206 304 704 401 1858 
7 510 211 309 664 453 1983 
7 434 170 273 411 316 1871 
7 481 185 301 196 161 1939 
7 455 183 276 858 161 1552 
7 505 199 310 643 253 1989 
7 516 218 310 266 143 1959 
7 489 193 298 312 203 1260 
7 490 192 303 366 308 1886 
7 509 205 310 207 195 1899 
7 399 160 243 510 187 910 
7 501 204 303 227 193 1871 
7 483 191 297 170 227 1903 
4 119 41 79 109 200 258 
7 478 186 299 569 279 1582 
7 492 190 304 313 259 1998 
7 487 195 299 243 139 1503 
7 345 137 214 165 166 751 
7 488 197 297 220 184 1969 
7 289 112 181 335 278 599 
7 474 186 295 391 147 1551 
7 470 189 291 388 266 1759 
7 508 208 309 711 267 1623 
7 502 200 303 665 452 1571 
7 439 171 273 560 394 1675 
7 273 105 172 614 236 614 
7 500 209 298 413 127 1174 
7 465 190 280 250 218 1916 
7 506 199 310 173 123 1674 
7 511 216 306 378 258 1703 
7 514 211 306 232 231 1639 
7 488 194 299 670 167 1451 
7 507 211 308 203 202 1911 
7 491 204 297 394 98 1703 
7 476 195 286 822 265 1352 
7 507 202 309 384 326 1717 
7 497 196 308 848 729 1647 
7 507 210 307 402 95 1476 
7 496 197 303 255 391 1870 
6 252 110 153 388 387 654 
7 513 209 309 261 167 1723 
7 500 206 305 270 210 1517 
7 476 200 286 321 315 1519 
7 500 205 301 377 318 1987 
7 513 210 309 663 326 1967 
7 508 211 307 472 187 1694 
7 477 193 291 901 602 1487 
7 492 198 298 213 212 1659 
7 498 201 305 407 175 1507 
7 490 196 300 364 363 1583 
7 422 168 261 573 506 1681 
7 498 198 306 527 165 1997 
7 495 206 296 556 396 1579 
7 505 205 305 208 207 1990 
7 511 210 305 278 236 1903 
7 313 119 197 269 231 734 
7 494 199 302 340 339 1983 
7 513 208 309 196 195 1743 
7 488 194 297 318 270 1834 
7 263 99 167 401 358 598 
7 508 213 305 422 198 1919 
7 507 202 309 814 431 1791 
7 486 198 296 326 277 1891 
7 508 216 304 540 219 1727 
7 490 200 295 193 267 1735 
7 502 206 306 223 222 1879 
7 517 216 308 473 333 1859 
4 94 43 57 87 131 202 
7 453 201 259 163 23 1889 
7 469 211 260 104 101 1808 
7 469 206 266 42 47 1387 
7 468 212 261 35 53 1890 
7 455 197 258 47 41 1513 
7 172 69 104 176 172 358 
7 465 210 262 22 60 1875 
7 439 193 250 24 31 1759 
7 469 215 263 321 320 1291 
7 478 221 264 47 67 1307 
7 439 199 249 74 79 1702 
7 458 205 259 85 95 1244 
7 470 212 264 90 139 1870 
7 461 206 259 160 158 1495 
7 455 202 261 72 68 1767 
7 458 200 260 16 53 1607 
7 480 227 265 173 170 1850 
7 461 205 259 71 27 1707 
7 421 188 235 223 221 1443 
7 449 200 253 55 267 1455 
7 465 207 263 75 72 1831 
7 447 198 256 21 19 1791 
7 478 221 264 22 123 1711 
7 452 194 262 36 131 1627 
7 329 142 191 37 91 716 
7 399 161 239 22 35 1275 
7 465 203 263 20 279 1958 
7 468 211 264 92 246 1992 
7 451 196 259 199 162 1723 
7 472 213 266 187 183 1599 
7 438 190 251 340 102 1052 
7 400 179 228 236 234 854 
7 463 212 265 189 187 1843 
7 474 213 265 306 15 1539 
7 473 215 265 66 63 1692 
7 472 213 263 25 31 1943 
7 347 161 193 13 279 718 
7 447 208 246 57 123 1675 
7 470 217 263 37 83 1554 
7 218 99 126 88 86 458 
7 466 209 263 29 103 1993 
7 428 190 243 206 121 1629 
7 462 205 262 60 283 1699 
7 221 102 125 30 67 466 
7 464 206 263 40 67 1976 
7 478 218 265 31 67 1323 
7 464 209 262 41 56 1877 
7 450 208 250 22 25 1767 
7 474 215 263 218 193 1960 
7 460 201 261 119 114 1807 
7 469 215 264 56 53 1623 
7 468 209 265 32 107 1599 
7 461 212 255 88 86 1553 
7 461 202 265 19 51 1551 
7 447 198 253 246 203 1853 
7 465 210 263 30 35 1852 
7 467 213 265 82 78 1973 
7 470 206 266 96 94 1897 
7 462 210 259 31 23 1590 
7 467 204 266 73 139 1848 
7 434 199 242 95 135 1655 
7 453 207 251 70 106 1447 
7 463 199 264 395 163 1711 
7 234 102 135 241 132 550 
7 342 150 194 162 99 1470 
7 325 138 191 71 215 650 
7 460 209 257 31 45 1633 
7 423 193 238 189 335 1430 
7 466 211 261 52 278 1623 
7 468 210 264 68 128 1995 
7 364 153 214 301 240 730 
7 468 210 261 94 111 1901 
7 429 187 247 17 35 1571 
7 453 197 260 21 195 1066 
7 459 202 258 79 77 1507 
7 464 210 262 388 60 1435 
7 470 208 266 93 75 1374 
7 201 91 117 88 86 398 
7 435 201 240 24 47 1379 
7 470 216 262 184 42 1527 
7 460 207 260 75 71 1239 
7 472 213 266 56 223 1642 
7 461 208 259 30 167 1680 
7 469 214 260 16 27 1957 
7 468 209 264 17 115 1749 
7 465 207 262 73 79 1599 
7 467 209 264 60 119 1487 
7 462 201 263 75 123 1919 
7 450 189 264 284 282 1779 
7 406 182 231 30 43 1654 
7 462 208 262 24 35 1987 
7 457 197 263 344 342 1946 
7 463 202 265 18 223 1635 
7 476 213 265 276 51 1861 
7 207 93 117 19 35 578 
7 276 124 156 29 33 550 
7 392 168 229 192 187 892 
7 466 210 263 36 163 1959 
7 382 169 219 223 220 1155 
7 442 197 256 339 337 1906 
7 368 166 203 110 167 1031 
7 243 105 138 217 63 1652 
7 359 161 200 138 287 1633 
7 335 151 185 103 63 1533 
7 372 174 201 332 207 1156 
7 366 165 205 139 270 1751 
7 364 162 202 110 71 1254 
5 193 91 104 38 37 338 
7 365 162 203 145 59 1243 
7 373 171 204 185 77 1607 
7 338 152 188 126 199 1998 
7 375 176 200 103 267 1440 
7 369 173 197 111 71 1339 
7 351 155 200 212 87 1970 
7 376 174 204 213 59 1903 
7 364 162 204 377 263 1507 
7 374 175 204 132 63 1454 
7 375 173 204 73 143 1123 
7 345 152 194 217 263 1282 
7 370 170 201 58 67 1419 
7 363 163 203 239 75 1020 
7 366 167 203 265 87 1051 
7 370 167 204 137 112 1183 
7 363 166 197 169 223 1275 
7 350 156 195 178 255 1371 
7 372 170 204 289 215 1363 
7 358 158 201 228 74 1677 
7 339 154 187 163 239 1123 
7 371 169 202 165 291 1518 
7 372 168 204 234 152 1847 
7 368 168 202 225 127 1259 
7 352 158 194 107 263 1880 
7 370 168 203 254 75 1977 
7 354 152 202 247 71 1997 
7 377 176 204 41 523 1328 
7 377 174 204 127 239 1396 
7 366 167 201 183 235 1284 
7 373 173 202 200 312 1592 
7 365 163 203 174 59 1857 
7 374 171 203 152 208 1777 
7 330 148 185 130 183 1660 
7 363 164 202 184 167 1738 
7 375 171 204 159 119 1927 
7 351 154 199 152 271 1039 
7 361 166 197 235 55 1865 
7 354 163 196 289 59 1637 
7 351 159 197 225 83 1660 
7 362 161 202 496 400 1508 
7 367 167 201 150 283 1335 
7 349 154 195 117 251 1046 
7 363 164 200 358 175 1316 
7 362 162 201 196 255 1243 
7 369 166 203 188 79 1344 
7 372 168 204 139 200 1700 
7 337 154 186 152 68 1228 
7 375 175 203 243 311 1991 
7 383 181 204 311 200 1330 
7 356 163 195 144 388 1247 
7 370 168 204 43 63 1992 
7 367 167 204 171 287 1219 
7 374 173 203 340 161 1182 
7 370 168 204 115 235 1044 
7 362 163 202 318 231 1527 
7 367 165 203 227 595 1176 
7 361 162 200 104 70 942 
7 372 172 202 222 703 1038 
7 237 103 137 281 235 602 
7 376 174 204 38 71 1779 
7 376 174 204 139 435 1341 
7 363 170 199 401 179 1992 
7 366 165 202 49 223 1651 
7 369 169 203 167 267 1826 
7 372 171 202 105 307 924 
7 360 162 198 106 267 1363 
7 368 165 204 343 191 1221 
7 332 144 189 160 95 1291 
7 362 161 204 131 63 1082 
7 370 167 204 167 67 1181 
7 362 159 204 70 433 1280 
7 360 163 200 165 467 1466 
7 370 168 203 109 63 1181 
7 373 169 204 320 211 1057 
7 365 166 200 259 200 1937 
7 369 168 204 101 63 1362 
7 359 161 199 118 497 1207 
7 371 167 204 34 199 1744 
7 365 165 201 336 179 1251 
7 369 168 201 268 200 1562 
7 359 170 194 210 63 1458 
7 368 165 203 114 88 1275 
7 369 165 204 206 67 1164 
7 264 123 146 129 103 1706 
7 354 159 198 196 463 1377 
7 355 157 199 198 171 1561 
7 363 161 204 283 199 1361 
7 369 167 203 249 203 1859 
7 360 161 199 148 259 1411 
7 342 157 186 186 67 1788 
7 365 163 205 300 172 1527 
7 374 171 204 65 183 1892 
7 294 155 140 50 55 843 
7 132 66 68 223 219 224 
7 268 134 134 80 72 1059 
7 289 153 139 440 436 979 
7 283 148 137 153 146 1391 
7 175 101 75 145 139 274 
7 280 150 132 187 177 1999 
7 292 152 141 52 45 851 
7 290 153 139 53 55 991 
7 301 160 141 133 126 1127 
7 297 157 141 130 122 891 
7 291 150 141 921 913 1197 
5 139 68 73 371 370 371 
7 121 61 61 148 140 200 
7 293 154 140 411 403 1279 
7 273 138 136 215 209 1023 
7 279 145 134 219 215 995 
7 212 107 106 217 213 329 
7 292 152 141 118 112 1083 
7 282 147 135 56 77 1031 
7 276 142 134 216 212 811 
3 69 33 36 1 51 122 
7 288 147 141 209 202 1037 
5 74 35 40 123 122 123 
7 295 156 141 51 47 1319 
7 286 152 135 132 127 1207 
7 292 152 140 291 285 1319 
5 49 22 27 89 88 89 
7 233 127 106 136 132 370 
7 301 162 141 133 125 1344 
7 282 150 134 130 121 1043 
5 95 44 51 227 226 227 
7 295 154 142 137 128 1859 
7 221 125 99 140 125 338 
7 296 155 141 58 49 1235 
6 71 31 41 144 142 144 
7 289 149 141 129 125 739 
7 299 158 141 57 74 1752 
7 293 153 141 161 156 1715 
7 287 147 140 137 133 903 
7 285 144 141 421 415 1644 
7 292 153 140 139 132 1067 
7 87 45 42 138 127 139 
7 293 153 141 62 57 1441 
7 107 70 39 46 79 130 
7 292 152 141 276 268 1675 
6 76 34 42 131 129 131 
7 283 144 139 430 426 816 
7 291 150 141 140 136 867 
7 291 153 140 934 927 1122 
7 275 139 136 217 209 921 
7 291 153 141 192 184 1147 
7 288 149 140 266 257 1003 
7 248 125 124 136 143 1259 
7 288 147 141 258 254 1279 
7 131 72 60 151 136 222 
7 295 156 141 67 58 967 
7 293 155 141 51 47 803 
7 296 157 141 128 139 1451 
7 292 153 140 106 100 1429 
7 289 151 139 1684 1676 1999 
7 287 154 136 131 127 843 
7 290 151 141 200 192 1491 
7 279 144 137 141 133 1080 
7 294 154 141 50 66 1448 
7 292 155 141 52 44 987 
7 294 153 141 440 433 1511 
7 291 154 141 101 96 1085 
7 254 137 120 77 70 1027 
5 134 60 75 485 484 485 
7 281 147 137 256 249 932 
7 293 155 139 120 112 990 
7 284 143 142 142 134 1551 
7 290 150 140 54 50 1255 
7 243 125 119 149 141 1455 
7 296 157 141 280 273 983 
7 296 156 141 137 132 863 
7 283 147 137 316 309 935 
7 299 159 141 694 686 1894 
7 298 157 141 53 68 1235 
7 284 154 133 588 581 1172 
5 74 33 41 122 121 122 
7 292 152 141 90 83 950 
5 27 11 16 61 60 61 
7 288 149 141 130 120 1015 
7 283 146 138 252 248 1998 
7 296 157 141 159 151 867 
7 294 156 140 102 94 1034 
7 293 158 141 162 158 1495 
5 75 35 40 126 125 126 
7 290 152 139 132 128 1023 
7 77 36 41 127 123 128 
7 291 151 140 129 128 915 
7 297 157 141 147 141 1319 
7 291 153 139 133 128 1887 
7 296 156 140 55 51 818 
7 272 144 130 190 181 995 
7 300 161 141 51 44 1135 
6 139 63 77 366 364 366 
7 293 153 140 45 67 1307 
5 50 32 18 96 32 1151 
5 48 30 18 421 28 1155 
5 49 30 19 115 35 1720 
5 49 31 18 95 23 1715 
5 50 32 18 41 39 1554 
5 50 31 19 46 32 1703 
5 48 30 18 88 32 1135 
5 35 20 15 22 20 1039 
5 49 30 19 72 70 1527 
5 49 31 18 123 46 1431 
5 48 30 19 100 70 1179 
5 49 30 19 29 27 1663 
5 48 30 19 473 30 1598 
5 48 30 19 527 28 1862 
5 49 31 18 54 34 1426 
5 49 31 18 271 30 963 
5 48 30 18 66 40 1331 
5 47 29 19 19 17 1219 
5 47 28 19 84 39 1219 
5 50 32 18 44 24 1706 
5 50 31 19 332 44 1571 
5 48 30 18 127 39 971 
5 49 30 19 24 22 1799 
5 50 31 19 118 44 1443 
5 48 29 19 25 183 1103 
5 48 30 18 134 34 1343 
5 43 26 17 26 24 1326 
5 49 32 18 48 24 1802 
5 49 30 19 796 87 1704 
5 45 26 19 222 211 1988 
5 47 28 19 50 26 1247 
5 47 29 18 46 27 1823 
5 49 31 18 55 39 1063 
5 48 29 19 134 33 1187 
5 48 30 19 94 29 1632 
5 49 31 19 102 43 1522 
5 49 30 19 44 42 1067 
5 44 29 18 49 24 1491 
5 49 30 19 261 223 1663 
5 48 29 19 63 27 1491 
5 51 33 18 55 53 1011 
5 49 30 19 40 19 1127 
5 49 32 18 219 42 1931 
5 48 29 19 288 60 1719 
5 39 22 18 41 39 1643 
5 48 31 17 46 45 1208 
5 48 30 18 140 59 1272 
5 48 29 19 32 16 1930 
5 51 32 19 725 60 1999 
5 47 28 19 37 35 1231 
5 48 30 19 72 50 1123 
5 50 32 18 43 33 1151 
5 50 32 18 1131 43 1455 
5 49 32 18 161 38 1528 
5 47 31 16 51 49 1087 
5 47 29 18 961 39 1463 
5 46 29 18 26 63 1779 
5 49 32 17 519 67 1299 
5 49 31 18 406 31 1079 
5 50 32 18 71 91 1271 
5 50 31 19 110 296 1503 
5 48 30 18 442 32 1183 
5 49 30 19 78 71 1115 
5 44 30 16 1062 63 1867 
5 49 30 19 61 59 1499 
5 47 29 18 84 40 1651 
5 46 28 18 59 35 1271 
5 39 21 18 45 25 1531 
5 48 29 19 24 75 1251 
5 45 27 18 141 139 1375 
5 48 30 18 63 22 1873 
5 49 31 18 51 49 1359 
5 50 32 18 34 55 1726 
5 48 30 18 600 22 1703 
5 49 30 19 46 32 1671 
5 41 23 18 75 55 1523 
5 47 29 18 53 28 1355 
5 50 32 18 108 44 1811 
5 41 23 18 58 34 1103 
5 49 30 19 100 139 1237 
5 44 27 17 77 75 1019 
5 50 32 18 32 30 1875 
5 46 29 18 99 44 1087 
5 47 29 18 256 20 1243 
5 35 19 17 24 22 1109 
5 49 31 19 115 113 1431 
5 41 23 18 24 22 1143 
5 49 30 19 799 32 1289 
5 48 29 19 39 24 1683 
5 49 31 18 51 83 1608 
5 48 30 19 66 24 1227 
5 49 30 19 24 22 1689 
5 46 28 18 326 40 1426 
5 47 29 18 67 31 1540 
5 49 31 18 69 45 1311 
5 49 31 18 51 21 879 
5 47 28 19 20 18 1243 
5 52 33 19 31 30 1999 
5 46 28 19 32 30 1189 
5 50 31 19 42 40 1415 