304 0.7506172839506173 1834 
296 0.7308641975308642 1962 
278 0.6864197530864198 1984 
304 0.7506172839506173 1978 
310 0.7654320987654321 1929 
314 0.7753086419753087 1874 
293 0.7234567901234568 1978 
284 0.7012345679012346 1973 
295 0.7283950617283951 1953 
284 0.7012345679012346 1971 
305 0.7530864197530864 1994 
307 0.7580246913580246 1997 
295 0.7283950617283951 1996 
284 0.7012345679012346 2000 
291 0.7185185185185186 1994 
296 0.7308641975308642 1998 
308 0.7604938271604939 1973 
302 0.745679012345679 1922 
324 0.8 1802 
287 0.7086419753086419 1988 
273 0.674074074074074 1723 
304 0.7506172839506173 1999 
295 0.7283950617283951 1974 
300 0.7407407407407407 1905 
302 0.745679012345679 1876 
307 0.7580246913580246 1791 
290 0.7160493827160493 1925 
307 0.7580246913580246 1996 
286 0.7061728395061728 1833 
78 0.1925925925925926 311 
281 0.6938271604938272 1998 
318 0.7851851851851852 1951 
292 0.7209876543209877 1990 
300 0.7407407407407407 1974 
257 0.6345679012345679 1963 
282 0.6962962962962963 1899 
306 0.7555555555555555 1966 
304 0.7506172839506173 1993 
289 0.7135802469135802 1827 
309 0.762962962962963 1777 
136 0.3358024691358025 510 
297 0.7333333333333333 1935 
293 0.7234567901234568 2000 
164 0.4049382716049383 614 
280 0.691358024691358 1864 
309 0.762962962962963 1990 
277 0.6839506172839506 1996 
300 0.7407407407407407 1923 
294 0.725925925925926 1992 
297 0.7333333333333333 1993 
260 0.6419753086419753 1717 
285 0.7037037037037037 1934 
296 0.7308641975308642 1942 
294 0.725925925925926 1987 
306 0.7555555555555555 1985 
308 0.7604938271604939 1988 
284 0.7012345679012346 1959 
314 0.7753086419753087 1923 
306 0.7555555555555555 1920 
299 0.7382716049382716 1947 
316 0.7802469135802469 2000 
47 0.11604938271604938 182 
310 0.7654320987654321 1998 
277 0.6839506172839506 2000 
310 0.7654320987654321 1989 
301 0.7432098765432099 2000 
290 0.7160493827160493 1955 
296 0.7308641975308642 1986 
276 0.6814814814814815 1822 
298 0.7358024691358025 1994 
276 0.6814814814814815 1979 
283 0.6987654320987654 1897 
282 0.6962962962962963 1931 
310 0.7654320987654321 1961 
297 0.7333333333333333 1859 
287 0.7086419753086419 1997 
274 0.6765432098765433 1992 
306 0.7555555555555555 1953 
254 0.6271604938271605 1849 
311 0.7679012345679013 1970 
299 0.7382716049382716 1975 
82 0.20246913580246914 307 
296 0.7308641975308642 1964 
281 0.6938271604938272 1628 
282 0.6962962962962963 1988 
302 0.745679012345679 1977 
264 0.6518518518518519 1898 
299 0.7382716049382716 1979 
263 0.6493827160493827 1999 
300 0.7407407407407407 1952 
289 0.7135802469135802 1946 
287 0.7086419753086419 1982 
285 0.7037037037037037 1976 
262 0.6469135802469136 1595 
267 0.6592592592592592 1882 
302 0.745679012345679 1988 
284 0.7012345679012346 1656 
305 0.7530864197530864 1922 
301 0.7432098765432099 1980 
311 0.7679012345679013 1994 
286 0.7061728395061728 1906 
306 0.7555555555555555 1888 
305 0.7530864197530864 1985 
282 0.6962962962962963 1999 
254 0.6271604938271605 2000 
286 0.7061728395061728 1998 
299 0.7382716049382716 1926 
290 0.7160493827160493 1976 
284 0.7012345679012346 1951 
178 0.43950617283950616 739 
276 0.6814814814814815 1905 
253 0.6246913580246913 1471 
302 0.745679012345679 2000 
207 0.5111111111111111 770 
240 0.5925925925925926 942 
298 0.7358024691358025 1883 
290 0.7160493827160493 1998 
304 0.7506172839506173 1973 
291 0.7185185185185186 1745 
280 0.691358024691358 1979 
313 0.7728395061728395 1949 
303 0.7481481481481481 1934 
314 0.7753086419753087 1997 
319 0.7876543209876543 1938 
296 0.7308641975308642 1955 
298 0.7358024691358025 1989 
310 0.7654320987654321 1996 
305 0.7530864197530864 1957 
30 0.07407407407407407 100 
292 0.7209876543209877 1990 
296 0.7308641975308642 1999 
274 0.6765432098765433 1827 
303 0.7481481481481481 1958 
309 0.762962962962963 1960 
237 0.5851851851851851 1991 
289 0.7135802469135802 1999 
265 0.654320987654321 1894 
300 0.7407407407407407 1994 
297 0.7333333333333333 1965 
282 0.6962962962962963 1520 
290 0.7160493827160493 1979 
312 0.7703703703703704 1946 
223 0.5506172839506173 910 
300 0.7407407407407407 1930 
285 0.7037037037037037 1999 
67 0.1654320987654321 258 
289 0.7135802469135802 1958 
290 0.7160493827160493 2000 
288 0.7111111111111111 1982 
181 0.4469135802469136 753 
292 0.7209876543209877 1971 
142 0.3506172839506173 602 
276 0.6814814814814815 1757 
266 0.6567901234567901 1919 
290 0.7160493827160493 1732 
291 0.7185185185185186 2000 
262 0.6469135802469136 1929 
150 0.37037037037037035 614 
290 0.7160493827160493 1970 
278 0.6864197530864198 1914 
305 0.7530864197530864 1949 
307 0.7580246913580246 1989 
307 0.7580246913580246 1990 
286 0.7061728395061728 1766 
309 0.762962962962963 1933 
284 0.7012345679012346 1958 
284 0.7012345679012346 1841 
300 0.7407407407407407 1983 
293 0.7234567901234568 1935 
317 0.782716049382716 1962 
312 0.7703703703703704 1947 
137 0.33827160493827163 654 
311 0.7679012345679013 1834 
297 0.7333333333333333 1718 
280 0.691358024691358 1991 
283 0.6987654320987654 1984 
311 0.7679012345679013 1907 
293 0.7234567901234568 1982 
289 0.7135802469135802 1993 
278 0.6864197530864198 1527 
323 0.7975308641975308 1974 
280 0.691358024691358 1988 
252 0.6222222222222222 1854 
312 0.7703703703703704 1995 
316 0.7802469135802469 1912 
309 0.762962962962963 1988 
299 0.7382716049382716 1993 
158 0.39012345679012345 734 
308 0.7604938271604939 1898 
294 0.725925925925926 1995 
291 0.7185185185185186 1998 
144 0.35555555555555557 598 
303 0.7481481481481481 1790 
306 0.7555555555555555 1808 
280 0.691358024691358 1997 
299 0.7382716049382716 1939 
294 0.725925925925926 1931 
287 0.7086419753086419 1971 
310 0.7654320987654321 1998 
51 0.1259259259259259 202 
298 0.7358024691358025 1920 
300 0.7407407407407407 1996 
305 0.7530864197530864 1905 
300 0.7407407407407407 1976 
307 0.7580246913580246 1864 
85 0.20987654320987653 358 
302 0.745679012345679 1817 
272 0.671604938271605 1965 
284 0.7012345679012346 1981 
306 0.7555555555555555 1999 
264 0.6518518518518519 1858 
272 0.671604938271605 1799 
294 0.725925925925926 1977 
291 0.7185185185185186 1941 
288 0.7111111111111111 1935 
302 0.745679012345679 1998 
305 0.7530864197530864 1957 
305 0.7530864197530864 1884 
266 0.6567901234567901 1843 
288 0.7111111111111111 1991 
302 0.745679012345679 1890 
278 0.6864197530864198 1871 
309 0.762962962962963 1815 
280 0.691358024691358 1949 
179 0.4419753086419753 712 
250 0.6172839506172839 1848 
318 0.7851851851851852 1994 
299 0.7382716049382716 1994 
289 0.7135802469135802 1552 
288 0.7111111111111111 1892 
270 0.6666666666666666 1986 
223 0.5506172839506173 854 
290 0.7160493827160493 1998 
327 0.8074074074074075 1970 
294 0.725925925925926 1796 
306 0.7555555555555555 1847 
201 0.4962962962962963 718 
270 0.6666666666666666 1997 
302 0.745679012345679 1980 
117 0.28888888888888886 458 
294 0.725925925925926 1994 
282 0.6962962962962963 1974 
290 0.7160493827160493 1973 
126 0.3111111111111111 466 
281 0.6938271604938272 1993 
302 0.745679012345679 1988 
282 0.6962962962962963 1942 
292 0.7209876543209877 1964 
308 0.7604938271604939 1965 
299 0.7382716049382716 1922 
308 0.7604938271604939 1909 
304 0.7506172839506173 1790 
290 0.7160493827160493 1989 
290 0.7160493827160493 1930 
293 0.7234567901234568 1887 
292 0.7209876543209877 1894 
309 0.762962962962963 1971 
298 0.7358024691358025 1951 
299 0.7382716049382716 1874 
298 0.7358024691358025 1972 
268 0.6617283950617284 1998 
286 0.7061728395061728 1724 
309 0.762962962962963 1997 
129 0.31851851851851853 550 
233 0.5753086419753086 1923 
156 0.3851851851851852 650 
305 0.7530864197530864 1964 
263 0.6493827160493827 1980 
303 0.7481481481481481 1902 
301 0.7432098765432099 1991 
193 0.4765432098765432 724 
280 0.691358024691358 1997 
263 0.6493827160493827 1952 
294 0.725925925925926 1983 
294 0.725925925925926 1996 
294 0.725925925925926 1816 
290 0.7160493827160493 1955 
105 0.25925925925925924 398 
284 0.7012345679012346 1992 
292 0.7209876543209877 1905 
293 0.7234567901234568 1960 
297 0.7333333333333333 1892 
305 0.7530864197530864 1991 
303 0.7481481481481481 1956 
312 0.7703703703703704 1958 
294 0.725925925925926 1919 
303 0.7481481481481481 1998 
285 0.7037037037037037 1906 
305 0.7530864197530864 1958 
259 0.6395061728395062 1801 
303 0.7481481481481481 1992 
302 0.745679012345679 1986 
303 0.7481481481481481 1936 
307 0.7580246913580246 1936 
117 0.28888888888888886 578 
160 0.3950617283950617 550 
224 0.5530864197530864 893 
303 0.7481481481481481 1897 
245 0.6049382716049383 1806 
294 0.725925925925926 1944 
279 0.6888888888888889 1979 
181 0.4469135802469136 1869 
274 0.6765432098765433 1976 
257 0.6345679012345679 1897 
259 0.6395061728395062 1978 
282 0.6962962962962963 1988 
274 0.6765432098765433 1993 
101 0.24938271604938272 338 
280 0.691358024691358 1865 
292 0.7209876543209877 1929 
244 0.6024691358024692 2000 
281 0.6938271604938272 1960 
280 0.691358024691358 1979 
243 0.6 1996 
288 0.7111111111111111 1998 
257 0.6345679012345679 1911 
283 0.6987654320987654 1998 
275 0.6790123456790124 1845 
238 0.5876543209876544 1978 
259 0.6395061728395062 1965 
263 0.6493827160493827 1559 
254 0.6271604938271605 1981 
277 0.6839506172839506 1787 
250 0.6172839506172839 1956 
251 0.6197530864197531 1714 
279 0.6888888888888889 1956 
268 0.6617283950617284 1988 
259 0.6395061728395062 1988 
281 0.6938271604938272 1997 
303 0.7481481481481481 1949 
255 0.6296296296296297 1359 
250 0.6172839506172839 1967 
265 0.654320987654321 1999 
261 0.6444444444444445 1999 
286 0.7061728395061728 1991 
267 0.6592592592592592 1827 
251 0.6197530864197531 1901 
289 0.7135802469135802 1973 
276 0.6814814814814815 1993 
269 0.6641975308641975 1987 
250 0.6172839506172839 1901 
264 0.6518518518518519 1944 
279 0.6888888888888889 1971 
247 0.6098765432098765 1937 
260 0.6419753086419753 2000 
265 0.654320987654321 1851 
248 0.6123456790123457 1998 
274 0.6765432098765433 1968 
285 0.7037037037037037 1937 
253 0.6246913580246913 1959 
264 0.6518518518518519 1840 
263 0.6493827160493827 1599 
268 0.6617283950617284 1997 
284 0.7012345679012346 1942 
224 0.5530864197530864 1965 
264 0.6518518518518519 1999 
273 0.674074074074074 1999 
254 0.6271604938271605 1986 
279 0.6888888888888889 1949 
277 0.6839506172839506 1995 
275 0.6790123456790124 1956 
257 0.6345679012345679 1990 
269 0.6641975308641975 1979 
278 0.6864197530864198 2000 
263 0.6493827160493827 1927 
257 0.6345679012345679 1805 
159 0.3925925925925926 602 
283 0.6987654320987654 1995 
279 0.6888888888888889 1976 
234 0.5777777777777777 1795 
273 0.674074074074074 1843 
276 0.6814814814814815 1919 
238 0.5876543209876544 994 
271 0.6691358024691358 1963 
285 0.7037037037037037 1842 
269 0.6641975308641975 1979 
264 0.6518518518518519 1951 
280 0.691358024691358 1995 
266 0.6567901234567901 1939 
253 0.6246913580246913 1934 
247 0.6098765432098765 1957 
281 0.6938271604938272 1951 
266 0.6567901234567901 1974 
284 0.7012345679012346 1965 
260 0.6419753086419753 1982 
265 0.654320987654321 1943 
260 0.6419753086419753 1970 
272 0.671604938271605 1973 
235 0.5802469135802469 1986 
260 0.6419753086419753 1994 
281 0.6938271604938272 1953 
184 0.454320987654321 1960 
269 0.6641975308641975 1965 
264 0.6518518518518519 1931 
268 0.6617283950617284 1920 
271 0.6691358024691358 1973 
272 0.671604938271605 1974 
238 0.5876543209876544 1832 
266 0.6567901234567901 1952 
291 0.7185185185185186 1973 
218 0.5382716049382716 1983 
71 0.17530864197530865 224 
211 0.5209876543209877 1952 
204 0.5037037037037037 1962 
217 0.5358024691358024 1928 
97 0.23950617283950618 274 
203 0.5012345679012346 1998 
220 0.5432098765432098 1724 
211 0.5209876543209877 1788 
231 0.5703703703703704 1978 
235 0.5802469135802469 1957 
198 0.4888888888888889 1469 
85 0.20987654320987653 372 
60 0.14814814814814814 199 
219 0.5407407407407407 1914 
211 0.5209876543209877 1938 
233 0.5753086419753086 1996 
108 0.26666666666666666 329 
201 0.4962962962962963 1981 
196 0.4839506172839506 1895 
230 0.5679012345679012 1999 
36 0.08888888888888889 122 
230 0.5679012345679012 1731 
40 0.09876543209876543 124 
239 0.5901234567901235 1981 
212 0.5234567901234568 1923 
247 0.6098765432098765 1964 
30 0.07407407407407407 90 
127 0.3135802469135803 370 
223 0.5506172839506173 1987 
229 0.5654320987654321 1994 
52 0.12839506172839507 228 
231 0.5703703703703704 1845 
119 0.2938271604938272 338 
243 0.6 1999 
40 0.09876543209876543 144 
198 0.4888888888888889 1942 
258 0.6370370370370371 1988 
202 0.49876543209876545 1812 
220 0.5432098765432098 1909 
244 0.6024691358024692 1977 
246 0.6074074074074074 1985 
43 0.10617283950617284 139 
261 0.6444444444444445 1995 
62 0.15308641975308643 131 
232 0.5728395061728395 1978 
40 0.09876543209876543 131 
199 0.49135802469135803 1992 
241 0.5950617283950618 1919 
249 0.6148148148148148 1988 
246 0.6074074074074074 1881 
227 0.5604938271604938 1986 
252 0.6222222222222222 2000 
205 0.5061728395061729 1991 
252 0.6222222222222222 1891 
72 0.17777777777777778 222 
238 0.5876543209876544 1867 
238 0.5876543209876544 1988 
230 0.5679012345679012 1862 
228 0.562962962962963 1674 
200 0.49382716049382713 1998 
219 0.5407407407407407 1953 
231 0.5703703703703704 1994 
224 0.5530864197530864 1989 
235 0.5802469135802469 1994 
212 0.5234567901234568 1850 
228 0.562962962962963 1996 
238 0.5876543209876544 1928 
196 0.4839506172839506 1979 
82 0.20246913580246914 486 
218 0.5382716049382716 1596 
224 0.5530864197530864 1975 
182 0.44938271604938274 1980 
233 0.5753086419753086 1997 
198 0.4888888888888889 1977 
222 0.5481481481481482 1931 
241 0.5950617283950618 1999 
241 0.5950617283950618 1992 
255 0.6296296296296297 1962 
209 0.5160493827160494 1999 
237 0.5851851851851851 1861 
40 0.09876543209876543 123 
236 0.582716049382716 1966 
15 0.037037037037037035 62 
227 0.5604938271604938 1921 
209 0.5160493827160494 1996 
243 0.6 1985 
225 0.5555555555555556 1996 
206 0.508641975308642 1989 
40 0.09876543209876543 127 
197 0.48641975308641977 1238 
41 0.10123456790123457 128 
240 0.5925925925925926 1991 
240 0.5925925925925926 1997 
247 0.6098765432098765 1991 
245 0.6049382716049383 1993 
238 0.5876543209876544 1986 
275 0.6790123456790124 1967 
80 0.19753086419753085 366 
218 0.5382716049382716 1989 
199 0.49135802469135803 1963 
192 0.4740740740740741 1999 
201 0.4962962962962963 1981 
194 0.47901234567901235 1965 
197 0.48641975308641977 1936 
175 0.43209876543209874 1910 
227 0.5604938271604938 1980 
127 0.3135802469135803 1932 
181 0.4469135802469136 1915 
203 0.5012345679012346 1985 
147 0.362962962962963 1959 
209 0.5160493827160494 1996 
238 0.5876543209876544 1999 
180 0.4444444444444444 2000 
197 0.48641975308641977 1981 
196 0.4839506172839506 1921 
199 0.49135802469135803 1981 
182 0.44938271604938274 1939 
168 0.4148148148148148 1872 
189 0.4666666666666667 1971 
186 0.45925925925925926 1958 
182 0.44938271604938274 1996 
196 0.4839506172839506 1853 
212 0.5234567901234568 1976 
186 0.45925925925925926 1986 
198 0.4888888888888889 1946 
183 0.45185185185185184 1915 
209 0.5160493827160494 1984 
150 0.37037037037037035 1859 
167 0.4123456790123457 1995 
139 0.3432098765432099 1975 
196 0.4839506172839506 1959 
157 0.38765432098765434 1957 
171 0.4222222222222222 1886 
153 0.37777777777777777 1902 
201 0.4962962962962963 1996 
204 0.5037037037037037 1995 
173 0.4271604938271605 1887 
212 0.5234567901234568 1997 
182 0.44938271604938274 1955 
223 0.5506172839506173 1935 
179 0.4419753086419753 1873 
163 0.4024691358024691 1986 
224 0.5530864197530864 1923 
155 0.38271604938271603 1863 
204 0.5037037037037037 1948 
221 0.5456790123456791 1992 
129 0.31851851851851853 1944 
173 0.4271604938271605 1988 
153 0.37777777777777777 1969 
170 0.41975308641975306 1700 
223 0.5506172839506173 1989 
185 0.4567901234567901 1990 
203 0.5012345679012346 1971 
183 0.45185185185185184 1986 
186 0.45925925925925926 1945 
169 0.41728395061728396 1946 
180 0.4444444444444444 1987 
220 0.5432098765432098 1967 
204 0.5037037037037037 1639 
150 0.37037037037037035 1996 
213 0.5259259259259259 1967 
217 0.5358024691358024 1989 
174 0.42962962962962964 1974 
190 0.4691358024691358 1894 
170 0.41975308641975306 1999 
168 0.4148148148148148 1849 
146 0.36049382716049383 1913 
231 0.5703703703703704 2000 
196 0.4839506172839506 1945 
203 0.5012345679012346 1971 
203 0.5012345679012346 1996 
209 0.5160493827160494 1987 
186 0.45925925925925926 1954 
179 0.4419753086419753 1918 
162 0.4 1977 
142 0.3506172839506173 1886 
197 0.48641975308641977 1991 
165 0.4074074074074074 1890 
189 0.4666666666666667 1995 
176 0.4345679012345679 1952 
194 0.47901234567901235 1977 
195 0.48148148148148145 1993 
168 0.4148148148148148 1990 
116 0.28641975308641976 1988 
182 0.44938271604938274 1999 
130 0.32098765432098764 1988 
172 0.4246913580246914 1858 
189 0.4666666666666667 2000 
197 0.48641975308641977 1957 
208 0.5135802469135803 1998 
205 0.5061728395061729 1949 
187 0.4617283950617284 1949 
144 0.35555555555555557 1999 
184 0.454320987654321 1985 
186 0.45925925925925926 1971 
145 0.35802469135802467 1979 
192 0.4740740740740741 1917 
183 0.45185185185185184 1949 
192 0.4740740740740741 1982 