206 1.0 935 
206 1.0 1228 
206 1.0 526 
206 1.0 577 
206 1.0 536 
206 1.0 503 
206 1.0 710 
206 1.0 512 
206 1.0 602 
206 1.0 1191 
206 1.0 1030 
206 1.0 622 
206 1.0 1020 
206 1.0 569 
206 1.0 433 
206 1.0 450 
206 1.0 741 
206 1.0 553 
201 0.9757281553398058 1411 
206 1.0 646 
206 1.0 1520 
206 1.0 965 
206 1.0 694 
206 1.0 583 
206 1.0 431 
206 1.0 553 
206 1.0 1402 
206 1.0 1309 
206 1.0 483 
206 1.0 416 
206 1.0 494 
206 1.0 533 
206 1.0 466 
206 1.0 1809 
206 1.0 411 
206 1.0 1243 
206 1.0 811 
206 1.0 802 
206 1.0 663 
206 1.0 700 
206 1.0 471 
206 1.0 646 
206 1.0 1207 
206 1.0 986 
206 1.0 528 
206 1.0 1028 
206 1.0 368 
206 1.0 888 
206 1.0 1733 
206 1.0 491 
206 1.0 765 
206 1.0 702 
206 1.0 1830 
206 1.0 607 
206 1.0 593 
206 1.0 483 
206 1.0 514 
206 1.0 822 
206 1.0 586 
206 1.0 467 
206 1.0 469 
206 1.0 457 
206 1.0 541 
137 0.6650485436893204 187 
206 1.0 468 
206 1.0 477 
206 1.0 581 
206 1.0 524 
206 1.0 491 
206 1.0 659 
206 1.0 530 
206 1.0 864 
206 1.0 535 
206 1.0 478 
206 1.0 1319 
206 1.0 1302 
135 0.6553398058252428 201 
206 1.0 671 
206 1.0 511 
206 1.0 663 
206 1.0 462 
206 1.0 558 
206 1.0 437 
206 1.0 824 
206 1.0 589 
206 1.0 955 
206 1.0 524 
206 1.0 459 
206 1.0 459 
206 1.0 434 
206 1.0 952 
206 1.0 805 
206 1.0 545 
206 1.0 751 
206 1.0 448 
206 1.0 721 
206 1.0 471 
206 1.0 447 
206 1.0 494 
206 1.0 602 
215 1.0 520 
215 1.0 589 
215 1.0 428 
215 1.0 1114 
215 1.0 422 
215 1.0 482 
215 1.0 590 
215 1.0 803 
215 1.0 472 
215 1.0 604 
215 1.0 723 
215 1.0 1039 
215 1.0 798 
215 1.0 503 
215 1.0 935 
215 1.0 506 
215 1.0 528 
215 1.0 497 
215 1.0 423 
215 1.0 460 
215 1.0 680 
215 1.0 551 
215 1.0 513 
215 1.0 429 
215 1.0 485 
215 1.0 450 
215 1.0 487 
215 1.0 515 
215 1.0 740 
215 1.0 508 
215 1.0 545 
215 1.0 684 
215 1.0 510 
215 1.0 701 
215 1.0 422 
215 1.0 746 
215 1.0 534 
215 1.0 629 
215 1.0 604 
215 1.0 442 
215 1.0 717 
215 1.0 736 
215 1.0 508 
215 1.0 448 
215 1.0 564 
215 1.0 777 
215 1.0 611 
215 1.0 727 
215 1.0 756 
215 1.0 656 
215 1.0 477 
215 1.0 501 
215 1.0 440 
215 1.0 498 
215 1.0 619 
215 1.0 665 
215 1.0 976 
215 1.0 478 
215 1.0 514 
215 1.0 485 
215 1.0 509 
215 1.0 577 
215 1.0 825 
167 0.7767441860465116 218 
215 1.0 1154 
215 1.0 568 
215 1.0 699 
215 1.0 726 
215 1.0 714 
114 0.5302325581395348 127 
215 1.0 484 
215 1.0 517 
215 1.0 554 
215 1.0 675 
215 1.0 666 
215 1.0 710 
215 1.0 466 
215 1.0 528 
215 1.0 742 
215 1.0 513 
215 1.0 822 
215 1.0 452 
215 1.0 944 
215 1.0 556 
215 1.0 568 
215 1.0 461 
215 1.0 704 
215 1.0 1218 
215 1.0 1452 
215 1.0 1119 
215 1.0 694 
215 1.0 525 
215 1.0 762 
215 1.0 588 
215 1.0 532 
215 1.0 1171 
215 1.0 819 
215 1.0 544 
215 1.0 498 
215 1.0 526 
217 1.0 568 
217 1.0 509 
217 1.0 664 
217 1.0 685 
217 1.0 522 
217 1.0 712 
217 1.0 506 
217 1.0 736 
217 1.0 501 
217 1.0 448 
217 1.0 872 
217 1.0 512 
217 1.0 481 
217 1.0 406 
217 1.0 480 
217 1.0 519 
217 1.0 429 
217 1.0 413 
217 1.0 478 
217 1.0 618 
217 1.0 652 
217 1.0 434 
217 1.0 462 
217 1.0 508 
217 1.0 463 
217 1.0 620 
217 1.0 504 
217 1.0 509 
217 1.0 593 
217 1.0 565 
217 1.0 790 
217 1.0 402 
217 1.0 474 
217 1.0 528 
217 1.0 629 
217 1.0 494 
217 1.0 555 
217 1.0 576 
217 1.0 521 
217 1.0 434 
217 1.0 488 
217 1.0 411 
217 1.0 453 
217 1.0 457 
217 1.0 497 
217 1.0 698 
217 1.0 700 
217 1.0 392 
217 1.0 661 
217 1.0 464 
217 1.0 509 
217 1.0 429 
217 1.0 796 
217 1.0 661 
217 1.0 548 
217 1.0 486 
217 1.0 572 
217 1.0 464 
93 0.42857142857142855 102 
217 1.0 503 
217 1.0 641 
198 0.9124423963133641 264 
217 1.0 603 
217 1.0 1014 
217 1.0 419 
217 1.0 576 
217 1.0 777 
217 1.0 444 
217 1.0 502 
217 1.0 439 
217 1.0 400 
217 1.0 819 
217 1.0 669 
217 1.0 496 
217 1.0 638 
217 1.0 583 
217 1.0 622 
217 1.0 451 
217 1.0 514 
217 1.0 513 
217 1.0 372 
217 1.0 520 
217 1.0 390 
217 1.0 472 
217 1.0 413 
217 1.0 426 
217 1.0 708 
217 1.0 545 
217 1.0 482 
217 1.0 442 
217 1.0 669 
217 1.0 615 
217 1.0 524 
217 1.0 566 
217 1.0 508 
217 1.0 394 
217 1.0 739 
216 0.9953917050691244 424 
217 1.0 595 
217 1.0 526 
225 1.0 584 
225 1.0 560 
225 1.0 532 
225 1.0 627 
225 1.0 526 
225 1.0 936 
225 1.0 486 
225 1.0 517 
225 1.0 646 
225 1.0 519 
225 1.0 649 
225 1.0 563 
225 1.0 462 
225 1.0 475 
225 1.0 1198 
225 1.0 566 
225 1.0 716 
225 1.0 1308 
225 1.0 461 
225 1.0 1031 
225 1.0 660 
225 1.0 1364 
225 1.0 422 
225 1.0 697 
225 1.0 595 
225 1.0 467 
225 1.0 433 
225 1.0 828 
225 1.0 481 
225 1.0 1008 
225 1.0 570 
225 1.0 969 
225 1.0 359 
225 1.0 621 
225 1.0 441 
225 1.0 471 
225 1.0 651 
225 1.0 631 
225 1.0 774 
225 1.0 460 
225 1.0 682 
225 1.0 451 
225 1.0 424 
225 1.0 573 
225 1.0 1411 
225 1.0 895 
225 1.0 549 
225 1.0 620 
225 1.0 624 
225 1.0 495 
225 1.0 534 
225 1.0 549 
225 1.0 600 
225 1.0 432 
225 1.0 584 
225 1.0 494 
225 1.0 590 
225 1.0 1159 
215 0.9555555555555556 508 
225 1.0 601 
225 1.0 482 
225 1.0 548 
225 1.0 656 
184 0.8177777777777778 240 
225 1.0 536 
225 1.0 698 
225 1.0 456 
225 1.0 533 
225 1.0 448 
225 1.0 1125 
225 1.0 702 
225 1.0 521 
225 1.0 605 
225 1.0 480 
225 1.0 761 
225 1.0 392 
225 1.0 600 
225 1.0 660 
225 1.0 534 
225 1.0 724 
225 1.0 702 
225 1.0 544 
225 1.0 728 
225 1.0 457 
225 1.0 598 
225 1.0 688 
225 1.0 572 
225 1.0 427 
225 1.0 513 
225 1.0 629 
225 1.0 532 
225 1.0 461 
225 1.0 859 
225 1.0 645 
225 1.0 907 
225 1.0 517 
225 1.0 431 
225 1.0 507 
225 1.0 790 
225 1.0 418 
58 0.27751196172248804 72 
192 0.9186602870813397 447 
208 0.9952153110047847 751 
209 1.0 811 
27 0.1291866028708134 30 
207 0.9904306220095693 548 
77 0.3684210526315789 97 
189 0.9043062200956937 462 
208 0.9952153110047847 1047 
104 0.49760765550239233 143 
79 0.37799043062200954 103 
189 0.9043062200956937 475 
185 0.8851674641148325 331 
183 0.8755980861244019 528 
209 1.0 768 
205 0.9808612440191388 387 
205 0.9808612440191388 967 
94 0.44976076555023925 440 
62 0.2966507177033493 95 
85 0.40669856459330145 122 
209 1.0 640 
105 0.5023923444976076 173 
199 0.9521531100478469 780 
91 0.4354066985645933 123 
96 0.45933014354066987 191 
209 1.0 1263 
155 0.7416267942583732 290 
209 1.0 689 
153 0.7320574162679426 308 
209 1.0 748 
160 0.7655502392344498 302 
130 0.6220095693779905 233 
68 0.3253588516746411 92 
126 0.6028708133971292 263 
205 0.9808612440191388 1445 
188 0.8995215311004785 397 
111 0.5311004784688995 841 
209 1.0 1019 
169 0.8086124401913876 284 
148 0.7081339712918661 241 
200 0.9569377990430622 794 
158 0.7559808612440191 259 
175 0.8373205741626795 440 
209 1.0 1528 
197 0.9425837320574163 702 
70 0.3349282296650718 143 
108 0.5167464114832536 200 
153 0.7320574162679426 265 
113 0.5406698564593302 260 
41 0.19617224880382775 51 
28 0.1339712918660287 42 
208 0.9952153110047847 1755 
127 0.6076555023923444 340 
152 0.7272727272727273 229 
209 1.0 539 
124 0.5933014354066986 406 
205 0.9808612440191388 605 
99 0.47368421052631576 136 
201 0.9617224880382775 575 
89 0.4258373205741627 227 
104 0.49760765550239233 129 
209 1.0 616 
55 0.2631578947368421 76 
113 0.5406698564593302 281 
200 0.9569377990430622 506 
209 1.0 1378 
83 0.39712918660287083 103 
72 0.3444976076555024 94 
209 1.0 808 
209 1.0 643 
208 0.9952153110047847 598 
209 1.0 761 
142 0.6794258373205742 217 
209 1.0 664 
56 0.2679425837320574 71 
123 0.5885167464114832 251 
58 0.27751196172248804 72 
205 0.9808612440191388 1528 
209 1.0 1624 
119 0.569377990430622 225 
209 1.0 1175 
209 1.0 1985 
203 0.9712918660287081 1475 
208 0.9952153110047847 526 
192 0.9186602870813397 448 
209 1.0 568 
207 0.9904306220095693 436 
128 0.6124401913875598 234 
191 0.9138755980861244 420 
209 1.0 1355 
206 0.9856459330143541 405 
176 0.8421052631578947 382 
168 0.8038277511961722 392 
209 1.0 815 
88 0.42105263157894735 168 
129 0.6172248803827751 192 
192 0.9186602870813397 371 
207 0.9904306220095693 457 
47 0.22488038277511962 67 
207 0.9904306220095693 389 
206 1.0 743 
206 1.0 510 
206 1.0 458 
206 1.0 730 
206 1.0 549 
206 1.0 489 
206 1.0 766 
206 1.0 426 
206 1.0 506 
206 1.0 443 
206 1.0 605 
206 1.0 436 
206 1.0 516 
206 1.0 521 
206 1.0 449 
206 1.0 656 
206 1.0 514 
206 1.0 537 
206 1.0 577 
206 1.0 533 
206 1.0 458 
206 1.0 501 
206 1.0 592 
206 1.0 572 
206 1.0 573 
206 1.0 538 
206 1.0 535 
206 1.0 780 
206 1.0 579 
206 1.0 605 
206 1.0 758 
206 1.0 667 
206 1.0 440 
206 1.0 522 
206 1.0 467 
206 1.0 592 
206 1.0 561 
206 1.0 576 
206 1.0 628 
206 1.0 529 
206 1.0 592 
206 1.0 625 
206 1.0 552 
206 1.0 571 
206 1.0 456 
206 1.0 555 
206 1.0 533 
206 1.0 566 
206 1.0 511 
206 1.0 533 
206 1.0 519 
206 1.0 536 
206 1.0 441 
206 1.0 461 
206 1.0 953 
206 1.0 496 
206 1.0 479 
206 1.0 696 
206 1.0 556 
206 1.0 504 
206 1.0 444 
206 1.0 470 
206 1.0 489 
206 1.0 509 
206 1.0 622 
206 1.0 500 
206 1.0 464 
206 1.0 436 
206 1.0 602 
206 1.0 682 
206 1.0 522 
206 1.0 484 
206 1.0 456 
206 1.0 539 
206 1.0 487 
206 1.0 524 
206 1.0 508 
206 1.0 582 
206 1.0 502 
206 1.0 567 
206 1.0 607 
206 1.0 523 
206 1.0 700 
206 1.0 583 
206 1.0 445 
206 1.0 456 
206 1.0 481 
206 1.0 574 
206 1.0 642 
206 1.0 515 
206 1.0 479 
206 1.0 454 
206 1.0 507 
206 1.0 499 
206 1.0 449 
206 1.0 686 
206 1.0 693 
206 1.0 471 
206 1.0 479 
206 1.0 666 