6 118 125 49 20 248 982 
6 83 63 40 27 509 725 
6 100 100 49 23 98 993 
6 106 94 50 9 90 999 
6 110 73 55 12 66 988 
6 106 105 46 31 132 989 
7 116 88 52 37 167 977 
6 87 40 53 11 281 567 
7 119 83 53 11 199 997 
6 107 96 48 18 101 987 
6 84 42 50 10 90 592 
7 111 94 54 22 241 990 
6 115 90 54 11 239 986 
6 104 69 50 14 193 756 
6 116 102 51 10 78 980 
6 84 38 51 11 75 468 
6 119 102 53 30 99 973 
5 54 19 39 9 149 349 
5 106 82 48 25 93 997 
5 73 36 45 30 80 633 
6 112 93 47 9 73 996 
6 104 79 49 15 413 866 
6 72 30 50 12 71 539 
6 118 90 52 27 49 999 
6 112 96 49 46 96 996 
6 103 86 51 11 97 881 
6 78 36 46 36 232 611 
5 82 55 47 28 99 735 
6 86 59 48 11 138 616 
7 117 109 50 10 279 994 
6 70 31 48 10 169 448 
7 105 79 47 19 203 998 
6 106 113 45 10 158 998 
7 112 97 50 13 176 998 
6 102 117 45 20 78 995 
7 106 107 48 24 301 993 
7 110 88 48 10 191 999 
6 94 85 46 21 64 995 
7 109 87 49 17 194 995 
6 107 87 49 9 65 930 
6 104 93 49 55 55 997 
5 94 71 45 31 77 774 
7 104 104 43 10 143 999 
7 108 97 49 21 180 993 
7 114 107 53 11 203 993 
6 72 32 46 26 71 466 
5 107 87 52 9 65 930 
7 103 107 48 29 258 982 
7 109 90 50 19 161 899 
6 49 21 31 21 229 229 
6 106 94 47 16 99 945 
5 41 20 23 14 84 145 
6 112 99 55 38 77 995 
7 109 85 48 15 425 995 
6 94 62 50 32 53 661 
7 111 87 49 10 159 980 
6 112 102 47 19 126 961 
7 115 89 55 14 247 931 
6 72 31 52 27 46 440 
6 98 79 46 12 135 939 
6 38 19 23 25 122 217 
6 106 97 50 10 94 939 
6 105 90 50 11 107 975 
6 115 104 50 10 102 930 
6 34 7 28 13 64 171 
6 107 85 51 40 96 980 
6 87 63 43 10 83 683 
6 81 43 50 33 204 615 
7 107 106 47 37 237 988 
6 103 81 46 33 145 995 
5 83 30 56 10 53 458 
7 112 107 50 22 173 932 
6 102 103 51 11 161 951 
6 29 5 24 14 181 181 
6 102 71 54 14 328 998 
6 92 80 43 13 88 932 
6 61 22 42 9 132 312 
6 96 71 46 14 153 805 
6 91 96 41 10 197 998 
6 75 36 46 14 125 484 
6 124 105 56 24 182 997 
6 105 89 49 9 52 999 
7 105 84 49 10 262 985 
6 98 67 54 14 64 978 
6 105 80 52 35 72 988 
6 94 77 50 9 164 765 
6 106 111 44 21 97 981 
5 12 3 9 41 18 55 
6 73 33 46 9 173 467 
5 29 12 19 9 139 139 
7 107 69 54 14 161 930 
6 98 80 54 10 86 758 
5 106 71 51 16 63 774 
7 105 86 50 18 215 982 
5 89 60 48 27 75 701 
5 107 84 54 15 97 905 
7 103 80 46 19 245 962 
6 118 110 53 9 141 996 
6 109 114 48 10 151 995 
7 101 85 45 9 209 985 
5 23 6 17 11 67 67 
6 105 84 54 9 205 976 
5 82 35 54 30 121 561 
7 122 91 67 18 146 934 
6 86 39 59 8 115 593 
6 89 51 52 8 234 622 
7 114 89 57 27 232 997 
5 30 7 23 22 43 98 
6 109 118 53 30 305 993 
6 111 114 49 9 170 959 
6 84 36 54 20 89 449 
5 92 48 56 39 31 678 
5 102 60 57 25 36 792 
6 115 91 58 8 53 836 
6 127 107 58 22 95 983 
6 115 97 55 8 82 995 
7 118 104 56 50 133 997 
6 87 39 58 13 60 537 
6 117 89 55 12 160 998 
6 117 104 55 16 221 964 
6 124 100 65 13 121 997 
6 113 99 53 29 74 960 
6 105 61 58 21 391 695 
6 121 89 61 8 70 976 
7 122 98 59 11 163 999 
7 112 77 54 20 233 927 
6 122 82 65 9 204 976 
7 95 80 51 23 152 838 
6 109 81 58 51 113 972 
7 124 94 63 13 180 995 
5 12 2 10 55 54 55 
5 112 80 56 10 95 972 
6 117 102 56 21 120 971 
5 110 78 61 38 77 997 
6 99 62 54 30 156 759 
5 11 2 9 20 55 55 
6 118 97 55 14 332 981 
6 78 35 53 8 117 515 
4 7 3 5 26 25 28 
7 112 104 52 10 224 994 
6 126 103 60 10 79 948 
7 120 102 61 18 269 983 
6 78 27 54 14 285 357 
6 86 37 58 29 178 628 
6 79 28 53 16 63 485 
7 119 82 57 16 262 996 
5 105 65 61 32 35 752 
5 123 89 60 14 25 978 
6 122 90 59 17 168 941 
7 102 58 59 33 257 651 
6 100 87 52 8 215 831 
6 77 22 58 8 71 479 
6 84 29 61 41 77 553 
6 111 75 59 16 102 841 
6 99 53 60 17 269 656 
5 75 35 52 14 41 521 
6 120 79 59 8 261 990 
6 114 107 56 13 69 978 
6 99 55 57 14 89 612 
6 117 87 58 13 59 997 
6 113 105 49 11 73 971 
6 120 90 57 9 66 964 
7 103 84 51 30 338 982 
6 123 93 59 16 98 985 
6 112 102 47 28 248 970 
6 103 80 48 13 73 980 
7 116 82 61 8 141 941 
7 121 86 62 27 187 995 
6 86 51 48 22 145 685 
7 114 104 54 16 311 983 
7 118 96 63 14 255 854 
6 97 57 55 28 101 686 
6 44 11 36 8 79 216 
5 80 29 59 9 86 520 
6 80 31 58 16 95 517 
5 98 45 61 14 41 654 
5 114 84 55 19 60 927 
6 117 95 62 32 136 984 
6 117 89 56 17 153 986 
7 120 114 56 12 478 996 
7 116 104 56 14 220 944 
7 121 110 55 18 172 999 
6 111 94 55 18 109 966 
6 122 87 59 27 103 949 
6 85 29 61 19 89 483 
6 78 38 49 13 83 569 
5 77 35 54 15 74 472 
7 125 109 57 13 270 968 
6 121 122 57 14 56 989 
6 126 106 61 17 81 989 
7 112 99 59 33 173 997 
6 75 24 59 35 103 476 
5 116 103 57 15 63 997 
6 92 63 52 15 224 611 
6 120 98 60 21 288 958 
6 113 89 53 18 121 994 
5 121 94 56 33 35 970 
5 96 46 62 9 42 600 
7 116 84 58 11 173 987 
6 118 106 57 16 112 976 
6 61 52 26 24 72 481 
5 57 54 24 50 88 594 
7 79 78 26 51 166 993 
7 86 121 24 38 297 970 
6 80 100 27 39 105 913 
6 52 35 27 38 202 384 
6 66 47 29 35 120 586 
5 47 27 29 34 100 460 
7 75 74 26 82 99 750 
6 83 85 28 33 53 967 
7 95 107 29 25 424 914 
6 94 114 28 50 222 995 
6 55 34 25 26 49 465 
6 81 108 29 43 114 970 
6 48 27 30 21 101 356 
6 88 114 29 28 77 967 
6 50 26 30 30 77 446 
6 84 123 25 28 86 998 
5 13 4 9 26 91 91 
6 84 104 29 35 53 996 
5 63 52 28 32 60 609 
7 83 83 30 43 120 976 
6 88 103 28 31 73 978 
6 89 102 29 40 90 921 
6 90 109 30 40 96 993 
4 7 3 5 13 61 61 
6 71 73 24 42 87 701 
6 55 38 30 51 101 459 
7 97 130 30 37 120 994 
5 29 13 21 27 78 164 
6 85 89 27 43 89 971 
6 84 83 29 31 109 988 
7 83 83 23 36 206 998 
6 88 129 26 60 127 993 
7 85 95 28 40 226 967 
6 84 114 27 77 71 974 
6 61 54 29 52 105 607 
7 83 80 29 75 119 960 
6 47 28 26 77 69 464 
6 41 18 29 60 123 246 
7 94 122 27 44 237 993 
7 90 89 29 41 178 991 
5 55 35 27 48 46 539 
6 83 100 25 58 122 958 
6 90 104 29 34 91 989 
6 64 46 27 36 69 619 
6 85 97 30 109 119 964 
6 71 87 25 21 72 995 
6 78 119 22 52 86 956 
5 91 87 31 35 38 910 
6 84 93 25 112 178 965 
6 89 91 28 35 77 923 
6 81 94 23 89 84 989 
7 81 146 20 76 519 997 
6 91 108 26 47 57 989 
7 74 91 25 114 246 990 
6 47 28 24 29 63 422 
6 83 111 26 46 74 944 
6 82 119 24 29 155 993 
7 52 31 25 49 149 582 
6 54 46 20 61 107 518 
7 79 98 28 25 155 995 
7 80 129 27 54 246 993 
6 85 100 31 98 233 761 
6 51 34 25 46 149 445 
6 47 18 32 34 71 444 
7 69 94 26 39 215 937 
5 92 97 29 29 26 973 
6 44 16 30 27 67 309 
6 66 61 25 52 151 609 
6 54 33 28 100 87 513 
6 63 64 28 56 85 583 
7 80 81 26 148 237 998 
7 83 126 24 20 239 896 
6 86 98 28 69 97 973 
7 51 36 28 22 239 468 
6 56 36 30 40 71 509 
5 79 86 24 79 73 918 
7 94 110 27 17 145 960 
6 102 120 30 27 164 995 
6 67 64 31 49 66 584 
6 47 26 29 32 107 407 
6 83 98 29 39 119 994 
6 80 83 30 45 114 897 
6 91 119 28 24 122 935 
7 88 106 30 67 448 991 
7 77 72 31 30 152 730 
7 83 96 25 26 227 985 
6 56 51 27 31 61 490 
6 90 110 28 86 114 981 
6 87 125 23 34 479 960 
6 70 73 28 189 81 674 
6 58 49 29 30 137 545 
7 91 109 29 55 239 997 
6 92 117 30 41 153 997 
6 58 43 27 22 113 521 
7 90 92 30 57 339 953 
6 94 105 29 43 72 982 
7 90 117 28 34 215 977 
7 83 93 24 24 203 997 
6 64 17 48 10 98 461 
6 109 80 56 28 167 913 
7 95 62 52 8 251 729 
5 110 68 57 10 53 787 
6 121 135 53 42 132 950 
7 116 93 58 10 239 952 
6 104 46 65 41 72 606 
7 119 103 56 9 533 996 
7 125 101 61 36 120 998 
6 111 107 53 43 198 974 
7 128 106 60 12 247 980 
6 102 96 49 13 101 978 
6 99 79 56 18 151 785 
6 110 106 49 15 131 997 
6 95 81 48 29 163 998 
6 83 71 47 12 96 685 
7 104 73 57 19 237 977 
5 24 9 16 9 102 103 
6 124 111 57 9 79 972 
6 111 99 56 12 96 998 
6 110 100 51 20 224 968 
6 96 71 52 9 145 679 
6 113 87 53 13 128 991 
6 108 79 54 20 71 972 
6 122 97 57 10 67 985 
7 133 98 63 30 257 983 
6 115 89 55 13 281 972 
5 109 71 58 24 49 982 
6 113 105 52 9 71 995 
6 109 107 52 10 45 978 
5 108 76 54 10 53 864 
7 113 92 56 9 272 919 
6 121 109 57 9 172 981 
6 133 121 64 28 96 995 
6 91 41 57 10 209 579 
7 117 86 59 11 230 939 
6 123 107 54 9 75 994 
7 113 87 56 10 239 999 
3 5 2 3 8 19 19 
6 111 66 60 12 209 956 
5 116 94 60 21 70 987 
6 123 86 60 22 83 901 
6 52 21 38 9 110 252 
6 117 86 61 23 124 985 
6 94 58 52 25 147 780 
5 108 75 56 8 76 986 
6 97 59 59 14 126 661 
6 116 94 55 20 75 996 
6 126 94 64 16 80 990 
6 89 57 51 17 85 697 
6 97 54 57 11 88 663 
5 53 26 34 29 117 283 
6 87 48 54 11 302 700 
6 107 80 53 9 97 932 
6 111 97 56 10 89 980 
6 114 74 62 11 84 723 
4 12 6 7 12 48 49 
7 111 66 61 8 245 991 
4 7 3 4 9 18 19 
6 96 68 51 19 310 773 
6 99 68 59 8 269 755 
6 84 57 45 9 69 693 
7 116 91 56 12 244 989 
6 116 103 60 10 66 984 
6 127 100 64 9 122 970 
6 101 41 67 24 82 572 
5 95 68 57 55 50 629 
6 82 34 53 14 113 461 
6 92 54 54 22 93 690 
6 112 86 61 31 97 838 
7 93 53 51 44 197 737 
6 107 90 51 10 66 984 
6 93 58 59 32 79 689 
5 14 4 10 9 42 42 
7 111 103 54 15 577 960 
6 90 48 58 9 98 526 
6 115 91 57 20 77 997 
7 98 73 49 9 166 951 
6 114 81 60 28 67 994 
6 119 91 59 10 96 990 
6 88 49 56 9 126 574 
5 15 4 11 17 38 61 
6 88 29 65 13 66 534 
6 117 98 59 24 71 901 
7 110 84 56 22 253 975 
7 120 100 64 36 255 995 
6 112 93 55 17 105 985 
6 87 38 63 9 117 380 
7 117 99 54 13 497 999 
5 95 38 67 34 68 571 
6 82 33 55 18 175 457 
6 89 41 60 32 173 633 
7 93 42 59 9 565 565 
5 98 67 52 8 39 738 
7 115 94 58 22 259 982 
7 113 98 57 9 222 998 
6 102 72 50 25 99 985 
6 107 67 61 9 159 723 
6 109 89 54 25 116 993 
7 107 80 48 38 191 991 
7 105 102 37 29 197 998 
7 109 135 43 8 165 994 
7 63 31 40 32 234 450 
7 107 86 47 13 263 943 
6 80 47 44 19 47 681 
6 81 66 36 13 366 872 
6 105 94 43 18 76 986 
5 62 35 35 37 116 521 
7 106 84 48 24 202 998 
7 97 84 40 8 135 956 
7 108 118 45 26 229 977 
5 69 43 40 16 107 591 
6 104 93 48 13 95 970 
6 68 39 37 20 111 721 
6 49 24 32 11 143 309 
5 39 15 25 18 65 211 
5 81 74 37 8 84 699 
7 94 102 38 24 219 994 
7 100 86 50 20 143 996 
7 92 75 39 25 222 918 
6 100 127 44 9 178 995 
6 68 35 43 18 119 516 
6 92 97 35 16 137 959 
6 102 94 41 28 65 937 
6 74 45 42 23 65 684 
6 79 50 46 9 84 528 
6 98 81 39 29 67 997 
6 100 103 40 12 107 966 
6 79 42 47 9 118 623 
6 68 38 40 28 200 535 
6 103 101 45 8 84 953 
7 110 90 46 20 261 996 
6 98 83 45 29 88 945 
7 98 106 42 20 224 987 
6 102 91 39 14 136 949 
6 84 52 46 8 95 754 
6 98 91 41 20 144 984 
6 93 83 41 19 467 994 
5 96 81 46 23 48 902 
6 91 100 37 30 66 976 
5 66 36 39 13 71 488 
7 114 96 44 23 143 986 
5 96 57 54 27 109 763 
7 89 84 38 13 329 987 
7 89 88 37 11 233 995 
6 80 61 41 18 171 774 
7 90 88 42 18 392 997 
7 89 72 44 24 192 982 
7 104 91 43 8 247 990 
6 82 54 43 17 76 602 
6 26 8 19 25 47 79 
6 77 60 34 12 95 697 
6 100 102 44 8 147 986 
6 107 107 43 33 98 955 
7 98 90 40 30 192 977 
6 95 84 40 25 65 997 
7 93 96 41 30 249 993 
4 9 4 5 8 36 37 
6 99 87 49 9 64 977 
6 47 21 32 18 147 300 
7 112 94 47 30 267 969 
7 94 67 45 19 126 974 
6 70 43 38 24 317 610 
7 96 90 39 22 132 981 
6 90 72 37 20 62 986 
6 89 79 37 22 68 999 
6 95 73 40 26 114 981 
6 74 57 40 15 119 687 
7 104 106 41 8 143 995 
6 92 90 42 22 80 997 
6 100 109 34 36 235 995 
6 90 103 30 8 63 975 
5 68 28 44 21 23 427 
6 111 94 43 8 131 993 
5 100 82 43 17 54 980 
7 87 66 38 18 181 959 
7 104 109 39 34 108 976 
7 110 98 44 9 233 994 
7 104 100 42 19 226 944 
6 101 101 43 41 407 996 
6 98 95 39 19 91 993 
7 98 85 39 12 133 990 
6 102 87 46 8 128 984 
6 70 40 44 9 78 619 
6 95 86 40 13 125 993 
6 98 90 47 28 242 913 
6 74 57 36 32 135 705 
6 74 47 42 16 323 715 
7 109 98 44 25 258 991 
6 106 95 45 10 76 995 
7 91 76 38 28 129 968 
7 96 84 42 20 212 947 
6 108 117 43 14 217 942 
6 74 45 39 25 97 751 
7 100 85 45 35 255 993 
7 100 95 44 26 453 985 
7 100 98 39 19 353 989 
7 107 90 42 8 216 988 
6 73 38 44 19 147 603 
6 81 53 42 8 101 689 
6 84 91 44 26 131 990 
7 88 91 45 54 199 961 
7 75 90 40 37 151 995 
7 75 78 44 21 324 999 
7 68 48 43 17 181 691 
7 82 76 47 45 719 996 
7 73 96 44 22 677 996 
6 94 84 53 10 120 970 
7 74 74 44 18 496 935 
7 79 67 45 19 353 996 
7 80 84 42 19 264 998 
7 86 115 48 30 215 973 
6 68 91 38 46 116 998 
7 75 76 45 57 245 961 
7 91 110 50 21 320 972 
7 81 94 42 15 678 995 
6 82 77 51 19 116 888 
6 66 62 47 20 120 778 
6 72 64 45 16 228 820 
7 76 70 42 33 162 992 
7 82 82 43 30 329 995 
7 80 102 45 27 339 982 
7 81 91 43 47 586 938 
7 79 75 43 22 614 996 
6 68 81 39 96 299 995 
7 83 77 48 9 477 992 
7 82 79 41 42 575 988 
7 74 82 40 36 852 993 
7 78 70 41 43 390 945 
7 94 89 50 15 508 982 
5 7 2 5 25 24 25 
7 88 82 50 14 285 954 
7 74 65 45 22 154 992 
6 65 41 48 20 84 608 
7 81 89 42 25 458 996 
6 84 80 47 20 114 984 
6 82 91 43 23 155 971 
7 74 83 46 24 153 994 
7 93 93 50 20 203 994 
7 101 89 53 32 339 998 
5 5 2 4 31 30 31 
6 66 51 45 14 91 744 
7 82 66 44 14 159 963 
7 82 130 49 17 744 992 
7 81 81 47 40 293 962 
7 73 60 42 22 411 968 
7 83 90 42 30 274 996 
5 7 2 5 23 18 31 
7 77 64 42 33 142 997 
7 81 89 45 16 314 990 
6 83 86 48 15 68 991 
7 76 88 43 17 449 992 
7 84 69 44 35 165 979 
7 74 84 42 17 217 997 
7 83 77 50 19 499 994 
7 90 109 48 34 330 983 
7 75 50 45 19 734 984 
7 94 104 47 32 278 996 
7 91 69 53 21 414 972 
7 79 91 42 24 316 943 
6 66 77 44 14 64 886 
7 82 71 50 17 315 991 
7 86 95 43 40 83 995 
6 71 84 43 14 75 976 
7 85 123 45 44 752 999 
7 80 63 47 27 203 847 
7 84 82 44 15 295 995 
7 77 94 42 36 716 989 
7 84 88 44 64 263 989 
7 93 89 49 34 548 983 
7 79 99 46 24 254 980 
7 79 101 45 16 521 988 
6 53 45 42 15 111 487 
6 70 51 43 22 71 865 
7 88 97 44 14 424 979 
6 89 73 45 15 103 987 
6 83 78 47 38 63 989 
5 20 7 14 16 60 85 
7 81 106 43 23 335 957 
7 85 85 46 18 243 989 
7 81 78 47 21 266 988 
6 61 47 43 40 130 751 
7 78 83 43 23 269 953 
7 79 80 44 15 152 954 
4 10 8 5 14 9 36 
7 67 51 45 58 655 754 
7 68 80 41 31 624 996 
7 84 75 47 14 276 996 
7 27 8 27 36 288 289 
7 85 79 52 18 248 982 
6 26 9 26 41 89 163 
7 79 73 47 20 611 993 
7 72 69 42 19 277 983 
7 95 90 46 31 204 949 
7 77 89 43 39 348 975 
7 84 88 42 22 193 993 
7 81 78 43 44 174 957 
7 87 75 45 24 557 982 
7 81 87 49 19 701 957 
7 78 112 43 13 372 963 