136 0.6601941747572816 839 
156 0.7572815533980582 1360 
121 0.587378640776699 664 
117 0.5679611650485437 723 
149 0.7233009708737864 1164 
175 0.8495145631067961 1676 
152 0.7378640776699029 1931 
167 0.8106796116504854 1829 
161 0.7815533980582524 1615 
143 0.6941747572815534 1729 
126 0.6116504854368932 1076 
150 0.7281553398058253 1937 
169 0.8203883495145631 1925 
160 0.7766990291262136 1168 
151 0.7330097087378641 456 
123 0.5970873786407767 1067 
153 0.7427184466019418 1665 
32 0.1553398058252427 229 
152 0.7378640776699029 856 
158 0.7669902912621359 1049 
129 0.6262135922330098 1920 
161 0.7815533980582524 1992 
147 0.7135922330097088 365 
162 0.7864077669902912 1022 
120 0.5825242718446602 310 
39 0.18932038834951456 225 
169 0.8203883495145631 1739 
136 0.6601941747572816 471 
144 0.6990291262135923 1631 
133 0.6456310679611651 1917 
140 0.6796116504854369 1559 
126 0.6116504854368932 1370 
152 0.7378640776699029 1956 
147 0.7135922330097088 786 
155 0.7524271844660194 894 
155 0.7524271844660194 619 
171 0.8300970873786407 1908 
169 0.8203883495145631 1810 
142 0.6893203883495146 1090 
156 0.7572815533980582 1380 
159 0.7718446601941747 1564 
168 0.8155339805825242 1218 
167 0.8106796116504854 1920 
148 0.7184466019417476 1752 
88 0.42718446601941745 464 
126 0.6116504854368932 776 
137 0.6650485436893204 1150 
141 0.6844660194174758 1112 
127 0.616504854368932 427 
142 0.6893203883495146 1100 
164 0.7961165048543689 1568 
155 0.7524271844660194 1396 
151 0.7330097087378641 1184 
168 0.8155339805825242 1647 
141 0.6844660194174758 1995 
142 0.6893203883495146 1152 
98 0.47572815533980584 336 
175 0.8495145631067961 1226 
174 0.8446601941747572 1869 
159 0.7718446601941747 969 
45 0.21844660194174756 290 
143 0.6941747572815534 646 
39 0.18932038834951456 275 
150 0.7281553398058253 1791 
153 0.7427184466019418 1463 
122 0.5922330097087378 357 
161 0.7815533980582524 1753 
145 0.7038834951456311 1410 
145 0.7038834951456311 934 
150 0.7281553398058253 1961 
142 0.6893203883495146 1969 
159 0.7718446601941747 655 
123 0.5970873786407767 1960 
160 0.7766990291262136 1842 
147 0.7135922330097088 1928 
130 0.6310679611650486 738 
151 0.7330097087378641 1357 
143 0.6941747572815534 1508 
150 0.7281553398058253 1736 
157 0.7621359223300971 1626 
149 0.7233009708737864 322 
162 0.7864077669902912 1903 
133 0.6456310679611651 593 
163 0.7912621359223301 1238 
142 0.6893203883495146 1581 
97 0.470873786407767 435 
43 0.2087378640776699 384 
145 0.7038834951456311 653 
131 0.6359223300970874 1211 
37 0.1796116504854369 334 
141 0.6844660194174758 616 
156 0.7572815533980582 1389 
164 0.7961165048543689 1791 
130 0.6310679611650486 314 
142 0.6893203883495146 832 
149 0.7233009708737864 1172 
151 0.7330097087378641 1992 
122 0.5922330097087378 397 
161 0.7815533980582524 832 
152 0.7378640776699029 1621 
135 0.627906976744186 743 
153 0.7116279069767442 1917 
115 0.5348837209302325 1947 
120 0.5581395348837209 269 
133 0.6186046511627907 1957 
129 0.6 1885 
143 0.6651162790697674 1633 
129 0.6 1308 
129 0.6 864 
154 0.7162790697674418 1707 
145 0.6744186046511628 1148 
123 0.5720930232558139 1391 
137 0.6372093023255814 1986 
126 0.586046511627907 1806 
143 0.6651162790697674 1781 
113 0.5255813953488372 1877 
135 0.627906976744186 1812 
134 0.6232558139534884 661 
132 0.6139534883720931 1947 
149 0.6930232558139535 1303 
126 0.586046511627907 1051 
124 0.5767441860465117 1838 
128 0.5953488372093023 1597 
129 0.6 1208 
124 0.5767441860465117 1423 
159 0.7395348837209302 1949 
127 0.5906976744186047 1102 
129 0.6 439 
143 0.6651162790697674 1703 
105 0.4883720930232558 1632 
136 0.6325581395348837 1594 
129 0.6 1477 
136 0.6325581395348837 528 
117 0.5441860465116279 305 
119 0.5534883720930233 1544 
140 0.6511627906976745 1961 
103 0.4790697674418605 567 
119 0.5534883720930233 515 
144 0.6697674418604651 1782 
139 0.6465116279069767 1065 
144 0.6697674418604651 466 
120 0.5581395348837209 1261 
122 0.5674418604651162 273 
129 0.6 1480 
132 0.6139534883720931 551 
140 0.6511627906976745 1523 
143 0.6651162790697674 1764 
133 0.6186046511627907 1391 
148 0.6883720930232559 1854 
130 0.6046511627906976 851 
111 0.5162790697674419 1345 
143 0.6651162790697674 1884 
124 0.5767441860465117 1493 
140 0.6511627906976745 1714 
122 0.5674418604651162 227 
138 0.641860465116279 1028 
145 0.6744186046511628 786 
135 0.627906976744186 1711 
133 0.6186046511627907 1983 
110 0.5116279069767442 1310 
150 0.6976744186046512 1442 
129 0.6 401 
126 0.586046511627907 1842 
137 0.6372093023255814 689 
134 0.6232558139534884 732 
120 0.5581395348837209 1616 
145 0.6744186046511628 1852 
103 0.4790697674418605 908 
89 0.413953488372093 508 
142 0.6604651162790698 1800 
114 0.5302325581395348 210 
129 0.6 437 
144 0.6697674418604651 1804 
147 0.6837209302325581 1947 
141 0.6558139534883721 1211 
112 0.5209302325581395 645 
123 0.5720930232558139 370 
117 0.5441860465116279 309 
85 0.3953488372093023 183 
136 0.6325581395348837 718 
148 0.6883720930232559 1964 
110 0.5116279069767442 781 
110 0.5116279069767442 213 
136 0.6325581395348837 741 
157 0.7302325581395349 1668 
146 0.6790697674418604 1923 
135 0.627906976744186 1971 
140 0.6511627906976745 1797 
131 0.6093023255813953 1877 
142 0.6604651162790698 1442 
110 0.5116279069767442 1186 
146 0.6790697674418604 1066 
142 0.6604651162790698 1536 
138 0.641860465116279 379 
136 0.6325581395348837 1991 
132 0.6139534883720931 487 
133 0.6186046511627907 1660 
140 0.6511627906976745 847 
135 0.627906976744186 821 
82 0.3813953488372093 1727 
123 0.5668202764976958 265 
116 0.5345622119815668 675 
164 0.7557603686635944 1821 
142 0.6543778801843319 665 
61 0.28110599078341014 120 
161 0.7419354838709677 1757 
167 0.7695852534562212 1973 
166 0.7649769585253456 1992 
157 0.7235023041474654 1442 
155 0.7142857142857143 1995 
148 0.6820276497695853 1577 
160 0.7373271889400922 1073 
135 0.6221198156682027 1013 
107 0.4930875576036866 239 
97 0.4470046082949309 197 
166 0.7649769585253456 1433 
149 0.6866359447004609 713 
151 0.695852534562212 1091 
158 0.728110599078341 1455 
155 0.7142857142857143 889 
166 0.7649769585253456 1883 
147 0.6774193548387096 1980 
162 0.7465437788018433 1973 
166 0.7649769585253456 934 
146 0.6728110599078341 1089 
143 0.6589861751152074 1266 
156 0.7188940092165899 1327 
142 0.6543778801843319 1923 
124 0.5714285714285714 1962 
159 0.7327188940092166 1877 
132 0.6082949308755761 621 
133 0.6129032258064516 290 
169 0.7788018433179723 1614 
125 0.576036866359447 1442 
125 0.576036866359447 1989 
170 0.783410138248848 1044 
144 0.663594470046083 606 
82 0.3778801843317972 186 
157 0.7235023041474654 1153 
155 0.7142857142857143 1197 
102 0.4700460829493088 305 
110 0.5069124423963134 1989 
132 0.6082949308755761 1782 
139 0.6405529953917051 1798 
123 0.5668202764976958 298 
144 0.663594470046083 561 
94 0.43317972350230416 365 
162 0.7465437788018433 903 
143 0.6589861751152074 447 
153 0.7050691244239631 967 
138 0.6359447004608295 814 
163 0.7511520737327189 1775 
140 0.6451612903225806 1078 
112 0.5161290322580645 1502 
140 0.6451612903225806 1824 
129 0.5944700460829493 340 
131 0.6036866359447005 1539 
157 0.7235023041474654 1761 
144 0.663594470046083 1422 
153 0.7050691244239631 1973 
158 0.728110599078341 1434 
91 0.41935483870967744 164 
120 0.5529953917050692 612 
151 0.695852534562212 1921 
174 0.8018433179723502 1774 
152 0.7004608294930875 1784 
124 0.5714285714285714 312 
138 0.6359447004608295 544 
157 0.7235023041474654 1990 
146 0.6728110599078341 627 
128 0.5898617511520737 319 
74 0.34101382488479265 121 
158 0.728110599078341 1825 
147 0.6774193548387096 1185 
127 0.5852534562211982 230 
130 0.5990783410138248 1306 
125 0.576036866359447 1213 
158 0.728110599078341 1974 
127 0.5852534562211982 237 
131 0.6036866359447005 1674 
132 0.6082949308755761 917 
103 0.47465437788018433 307 
98 0.45161290322580644 270 
152 0.7004608294930875 1993 
163 0.7511520737327189 1297 
135 0.6221198156682027 1293 
157 0.7235023041474654 1678 
156 0.7188940092165899 1375 
112 0.5161290322580645 193 
140 0.6451612903225806 496 
135 0.6221198156682027 343 
155 0.7142857142857143 1896 
172 0.7926267281105991 1669 
157 0.7235023041474654 1583 
142 0.6543778801843319 1150 
131 0.6036866359447005 327 
173 0.7972350230414746 1342 
153 0.7050691244239631 1695 
149 0.6866359447004609 1941 
151 0.695852534562212 1091 
100 0.4444444444444444 249 
99 0.44 1167 
102 0.4533333333333333 890 
106 0.4711111111111111 1697 
101 0.4488888888888889 378 
96 0.4266666666666667 357 
121 0.5377777777777778 592 
95 0.4222222222222222 1164 
93 0.41333333333333333 1266 
105 0.4666666666666667 520 
103 0.4577777777777778 628 
114 0.5066666666666667 1316 
95 0.4222222222222222 212 
97 0.4311111111111111 382 
125 0.5555555555555556 1710 
98 0.43555555555555553 764 
119 0.5288888888888889 1394 
98 0.43555555555555553 428 
104 0.4622222222222222 394 
87 0.38666666666666666 188 
122 0.5422222222222223 1236 
88 0.39111111111111113 250 
103 0.4577777777777778 1240 
99 0.44 1103 
112 0.49777777777777776 1475 
90 0.4 1110 
58 0.2577777777777778 301 
125 0.5555555555555556 1603 
105 0.4666666666666667 311 
121 0.5377777777777778 1143 
104 0.4622222222222222 1248 
94 0.4177777777777778 771 
85 0.37777777777777777 1257 
93 0.41333333333333333 1926 
117 0.52 979 
109 0.48444444444444446 1522 
114 0.5066666666666667 1296 
79 0.3511111111111111 715 
91 0.40444444444444444 419 
101 0.4488888888888889 869 
118 0.5244444444444445 1245 
120 0.5333333333333333 1077 
119 0.5288888888888889 1133 
89 0.39555555555555555 998 
101 0.4488888888888889 204 
97 0.4311111111111111 691 
51 0.22666666666666666 904 
117 0.52 1121 
92 0.4088888888888889 326 
119 0.5288888888888889 1139 
104 0.4622222222222222 1107 
115 0.5111111111111111 1032 
89 0.39555555555555555 800 
95 0.4222222222222222 407 
93 0.41333333333333333 199 
105 0.4666666666666667 1488 
92 0.4088888888888889 1028 
108 0.48 1742 
125 0.5555555555555556 1553 
118 0.5244444444444445 1746 
102 0.4533333333333333 1110 
100 0.4444444444444444 718 
140 0.6222222222222222 1979 
107 0.47555555555555556 1852 
100 0.4444444444444444 579 
112 0.49777777777777776 731 
94 0.4177777777777778 1542 
97 0.4311111111111111 375 
87 0.38666666666666666 1912 
106 0.4711111111111111 1465 
105 0.4666666666666667 411 
86 0.38222222222222224 760 
109 0.48444444444444446 1842 
128 0.5688888888888889 1297 
112 0.49777777777777776 830 
90 0.4 1741 
99 0.44 676 
112 0.49777777777777776 1078 
100 0.4444444444444444 1378 
102 0.4533333333333333 214 
100 0.4444444444444444 474 
84 0.37333333333333335 440 
101 0.4488888888888889 677 
120 0.5333333333333333 743 
99 0.44 1262 
96 0.4266666666666667 1313 
88 0.39111111111111113 274 
95 0.4222222222222222 781 
130 0.5777777777777777 1478 
109 0.48444444444444446 1225 
98 0.43555555555555553 201 
107 0.47555555555555556 903 
103 0.4577777777777778 222 
90 0.4 482 
113 0.5022222222222222 1194 
99 0.44 789 
112 0.49777777777777776 979 
102 0.4533333333333333 1635 
108 0.48 1761 
97 0.4311111111111111 927 
105 0.5023923444976076 1880 
51 0.24401913875598086 88 
109 0.5215311004784688 219 
70 0.3349282296650718 315 
56 0.2679425837320574 110 
103 0.49282296650717705 517 
106 0.507177033492823 210 
63 0.3014354066985646 203 
84 0.4019138755980861 247 
115 0.5502392344497608 885 
103 0.49282296650717705 212 
87 0.41626794258373206 182 
87 0.41626794258373206 366 
131 0.6267942583732058 1626 
59 0.2822966507177033 108 
104 0.49760765550239233 1930 
71 0.3397129186602871 727 
123 0.5885167464114832 1832 
74 0.35406698564593303 165 
65 0.31100478468899523 1319 
31 0.14832535885167464 65 
61 0.291866028708134 116 
56 0.2679425837320574 96 
94 0.44976076555023925 472 
128 0.6124401913875598 1750 
122 0.583732057416268 469 
140 0.6698564593301436 1111 
134 0.6411483253588517 1112 
91 0.4354066985645933 741 
81 0.3875598086124402 176 
35 0.1674641148325359 72 
121 0.5789473684210527 1066 
83 0.39712918660287083 173 
87 0.41626794258373206 676 
41 0.19617224880382775 178 
70 0.3349282296650718 467 
109 0.5215311004784688 404 
125 0.5980861244019139 1589 
70 0.3349282296650718 134 
54 0.2583732057416268 95 
48 0.22966507177033493 86 
21 0.10047846889952153 41 
109 0.5215311004784688 638 
81 0.3875598086124402 608 
122 0.583732057416268 442 
139 0.6650717703349283 1939 
94 0.44976076555023925 367 
116 0.5550239234449761 1977 
25 0.11961722488038277 52 
62 0.2966507177033493 496 
131 0.6267942583732058 945 
76 0.36363636363636365 173 
76 0.36363636363636365 186 
155 0.7416267942583732 1933 
76 0.36363636363636365 485 
80 0.3827751196172249 1639 
31 0.14832535885167464 67 
36 0.1722488038277512 77 
120 0.5741626794258373 627 
117 0.5598086124401914 500 
128 0.6124401913875598 592 
109 0.5215311004784688 410 
91 0.4354066985645933 273 
103 0.49282296650717705 1779 
64 0.3062200956937799 248 
124 0.5933014354066986 934 
127 0.6076555023923444 1601 
108 0.5167464114832536 412 
71 0.3397129186602871 229 
97 0.46411483253588515 584 
99 0.47368421052631576 771 
106 0.507177033492823 425 
110 0.5263157894736842 1015 
54 0.2583732057416268 107 
86 0.41148325358851673 195 
125 0.5980861244019139 1838 
127 0.6076555023923444 637 
93 0.4449760765550239 626 
116 0.5550239234449761 1706 
95 0.45454545454545453 894 
102 0.4880382775119617 1208 
80 0.3827751196172249 182 
98 0.4688995215311005 246 
22 0.10526315789473684 38 
56 0.2679425837320574 121 
147 0.7033492822966507 1194 
40 0.19138755980861244 70 
122 0.583732057416268 765 
135 0.645933014354067 1794 
43 0.20574162679425836 107 
46 0.22009569377990432 84 
134 0.6411483253588517 683 
135 0.645933014354067 931 
124 0.5933014354066986 312 
72 0.3444976076555024 139 
132 0.631578947368421 625 
107 0.5119617224880383 1691 
70 0.3349282296650718 187 
21 0.10047846889952153 42 
18 0.0861244019138756 33 
98 0.47572815533980584 485 
123 0.5970873786407767 309 
125 0.6067961165048543 356 
124 0.6019417475728155 320 
124 0.6019417475728155 276 
108 0.5242718446601942 239 
123 0.5970873786407767 333 
94 0.4563106796116505 184 
137 0.6650485436893204 1358 
104 0.5048543689320388 244 
123 0.5970873786407767 284 
123 0.5970873786407767 271 
123 0.5970873786407767 283 
132 0.6407766990291263 571 
133 0.6456310679611651 1577 
128 0.6213592233009708 262 
124 0.6019417475728155 254 
124 0.6019417475728155 267 
124 0.6019417475728155 306 
123 0.5970873786407767 292 
94 0.4563106796116505 192 
125 0.6067961165048543 280 
123 0.5970873786407767 276 
124 0.6019417475728155 340 
123 0.5970873786407767 352 
137 0.6650485436893204 586 
124 0.6019417475728155 282 
104 0.5048543689320388 220 
126 0.6116504854368932 333 
129 0.6262135922330098 538 
124 0.6019417475728155 282 
128 0.6213592233009708 1926 
124 0.6019417475728155 973 
93 0.45145631067961167 178 
124 0.6019417475728155 243 
139 0.6747572815533981 794 
128 0.6213592233009708 1236 
124 0.6019417475728155 275 
124 0.6019417475728155 311 
125 0.6067961165048543 1945 
123 0.5970873786407767 299 
123 0.5970873786407767 313 
102 0.49514563106796117 1645 
108 0.5242718446601942 221 
133 0.6456310679611651 450 
136 0.6601941747572816 1928 
124 0.6019417475728155 350 
135 0.6553398058252428 1051 
124 0.6019417475728155 317 
127 0.616504854368932 1377 
123 0.5970873786407767 375 
125 0.6067961165048543 384 
123 0.5970873786407767 304 
126 0.6116504854368932 273 
123 0.5970873786407767 334 
93 0.45145631067961167 185 
103 0.5 256 
124 0.6019417475728155 266 
134 0.6504854368932039 296 
128 0.6213592233009708 1579 
123 0.5970873786407767 328 
126 0.6116504854368932 258 
123 0.5970873786407767 268 
136 0.6601941747572816 964 
141 0.6844660194174758 1389 
109 0.529126213592233 227 
124 0.6019417475728155 263 
123 0.5970873786407767 294 
124 0.6019417475728155 276 
129 0.6262135922330098 873 
124 0.6019417475728155 285 
125 0.6067961165048543 328 
79 0.38349514563106796 148 
127 0.616504854368932 286 
137 0.6650485436893204 301 
123 0.5970873786407767 279 
102 0.49514563106796117 1890 
124 0.6019417475728155 248 
124 0.6019417475728155 254 
96 0.46601941747572817 183 
136 0.6601941747572816 872 
133 0.6456310679611651 1473 
124 0.6019417475728155 248 
121 0.587378640776699 241 
110 0.5339805825242718 586 
123 0.5970873786407767 260 
123 0.5970873786407767 267 
131 0.6359223300970874 1447 
134 0.6504854368932039 1032 
125 0.6067961165048543 289 
125 0.6067961165048543 260 
138 0.6699029126213593 1338 
124 0.6019417475728155 311 
131 0.6359223300970874 550 
135 0.6553398058252428 361 
123 0.5970873786407767 285 
123 0.5970873786407767 295 
123 0.5970873786407767 596 
124 0.6019417475728155 248 
134 0.6504854368932039 1139 