2 119 729 0 5 0 840 
2 126 1614 0 13 0 929 
2 110 1835 0 8 0 716 
2 90 552 0 10 0 703 
2 130 1563 0 7 0 1167 
2 142 1309 0 11 0 1517 
2 119 1517 0 5 0 1850 
2 142 1521 0 9 0 1142 
2 122 1597 0 13 0 1615 
2 127 1770 0 14 0 281 
2 115 1789 0 11 0 489 
2 126 1711 0 36 0 945 
2 133 1692 0 9 0 1925 
2 129 1788 0 7 0 1176 
2 125 1807 0 9 0 455 
2 104 1785 0 22 0 584 
2 133 1621 0 5 0 1680 
2 29 185 0 11 0 68 
2 122 1758 0 7 0 845 
2 129 1733 0 5 0 1049 
2 107 1785 0 9 0 1218 
2 137 1726 0 15 0 1900 
2 126 1763 0 9 0 337 
2 119 1721 0 10 0 1004 
2 100 553 0 5 0 313 
2 30 307 0 12 0 66 
2 128 1629 0 7 0 1738 
2 115 1754 0 7 0 411 
2 125 1760 0 7 0 538 
2 110 1752 0 10 0 1826 
2 121 1774 0 4 0 1497 
2 109 1152 0 5 0 1330 
2 131 1480 0 10 0 678 
2 119 1781 0 5 0 565 
2 121 1711 0 4 0 896 
2 117 1718 0 9 0 550 
2 138 1574 0 8 0 1915 
2 134 1651 0 8 0 1882 
2 121 1815 0 5 0 287 
2 122 1505 0 8 0 1380 
2 130 1682 0 6 0 1182 
2 131 1495 0 7 0 1202 
2 139 1660 0 6 0 1852 
2 122 1773 0 6 0 1365 
2 73 435 0 10 0 198 
2 113 669 0 9 0 864 
2 116 909 0 5 0 367 
2 115 1804 0 10 0 1112 
2 113 1830 0 13 0 427 
2 118 1328 0 36 0 1312 
2 127 1657 0 9 0 1138 
2 138 1725 0 8 0 1394 
2 123 1759 0 6 0 1184 
2 130 1437 0 13 0 891 
2 113 1703 0 34 0 1992 
2 111 954 0 9 0 309 
2 83 226 0 7 0 332 
2 138 1586 0 8 0 1001 
2 130 1469 0 5 0 1825 
2 125 1705 0 5 0 505 
2 34 185 0 6 0 288 
2 117 456 0 5 0 351 
2 30 234 0 10 0 324 
2 126 1756 0 10 0 1810 
2 124 1657 0 4 0 1235 
2 98 1818 0 9 0 359 
2 139 1740 0 9 0 1554 
2 136 1216 0 9 0 1383 
2 122 1760 0 10 0 819 
2 121 1694 0 7 0 1060 
2 128 1793 0 12 0 1970 
2 126 1783 0 6 0 655 
2 107 1787 0 4 0 791 
2 131 1714 0 7 0 1844 
2 128 1748 0 6 0 1889 
2 115 589 0 9 0 257 
2 120 1717 0 31 0 1355 
2 131 1745 0 5 0 1510 
2 113 1277 0 4 0 1576 
2 131 1652 0 22 0 1343 
2 131 1823 0 5 0 329 
2 136 1657 0 4 0 1545 
2 114 1663 0 12 0 359 
2 138 1589 0 9 0 994 
2 123 1753 0 14 0 1853 
2 80 339 0 6 0 431 
2 34 329 0 7 0 383 
2 128 776 0 12 0 652 
2 113 1523 0 11 0 439 
2 29 277 0 7 0 61 
2 114 1647 0 9 0 614 
2 134 1762 0 5 0 792 
2 137 1606 0 9 0 1793 
2 120 1853 0 7 0 318 
2 124 1769 0 7 0 832 
2 126 937 0 6 0 1152 
2 125 1791 0 8 0 334 
2 113 378 0 5 0 261 
2 137 1700 0 5 0 832 
2 130 1596 0 11 0 1564 
2 103 1844 0 3 0 488 
2 108 1747 0 3 0 1917 
2 85 1760 0 9 0 1361 
2 99 1871 0 2 0 268 
2 100 1822 0 8 0 1957 
2 96 1689 0 2 0 1903 
2 104 1758 0 4 0 1638 
2 102 1704 0 3 0 1283 
2 97 1852 0 7 0 864 
2 108 1592 0 6 0 1555 
2 106 1792 0 6 0 310 
2 101 1728 0 2 0 1391 
2 102 1825 0 3 0 1778 
2 98 1765 0 3 0 1805 
2 100 1710 0 3 0 1781 
2 82 1821 0 3 0 1387 
2 103 1778 0 7 0 1812 
2 98 1761 0 4 0 661 
2 101 1781 0 2 0 1943 
2 108 1755 0 8 0 894 
2 99 1807 0 7 0 706 
2 95 1843 0 17 0 243 
2 96 1763 0 3 0 1502 
2 103 1754 0 5 0 1211 
2 97 1663 0 4 0 1419 
2 109 1626 0 3 0 562 
2 98 1853 0 5 0 1106 
2 106 302 0 5 0 439 
2 100 1663 0 2 0 1559 
2 84 1696 0 4 0 1513 
2 106 1654 0 12 0 865 
2 101 1767 0 5 0 1372 
2 100 1773 0 7 0 528 
2 93 1813 0 2 0 305 
2 91 1859 0 2 0 1542 
2 108 1682 0 5 0 1815 
2 77 1768 0 3 0 201 
2 98 1848 0 3 0 520 
2 103 1783 0 7 0 1782 
2 105 1725 0 2 0 1581 
2 108 1785 0 3 0 466 
2 98 1811 0 6 0 1089 
2 100 1847 0 4 0 869 
2 103 1815 0 2 0 272 
2 98 1808 0 4 0 382 
2 106 1724 0 4 0 890 
2 106 1730 0 3 0 1789 
2 104 1747 0 3 0 1867 
2 104 1797 0 14 0 1841 
2 97 1841 0 5 0 851 
2 92 1837 0 2 0 1346 
2 104 1753 0 3 0 1884 
2 94 1776 0 3 0 1493 
2 103 1705 0 2 0 1714 
2 97 1868 0 2 0 227 
2 106 1801 0 4 0 280 
2 105 1795 0 2 0 859 
2 107 1806 0 3 0 1711 
2 102 1667 0 8 0 1983 
2 92 1825 0 3 0 316 
2 107 1666 0 7 0 1438 
2 98 1710 0 3 0 401 
2 106 1703 0 2 0 1774 
2 100 1758 0 3 0 689 
2 104 1734 0 6 0 732 
2 83 1827 0 9 0 1592 
2 105 1771 0 8 0 1856 
2 77 1825 0 10 0 908 
2 78 1734 0 6 0 507 
2 109 1735 0 4 0 1800 
2 97 1857 0 3 0 228 
2 101 1837 0 3 0 437 
2 106 1783 0 3 0 1804 
2 106 1709 0 3 0 1947 
2 103 1817 0 8 0 1211 
2 92 1864 0 7 0 645 
2 98 1785 0 3 0 370 
2 95 1864 0 3 0 309 
2 63 1895 0 2 0 184 
2 105 1708 0 3 0 605 
2 97 1695 0 3 0 1955 
2 82 1844 0 3 0 784 
2 83 1877 0 3 0 213 
2 103 1738 0 5 0 741 
2 108 1622 0 5 0 1668 
2 106 1679 0 9 0 1255 
2 98 1752 0 3 0 1971 
2 105 1664 0 3 0 1799 
2 101 1773 0 3 0 1877 
2 104 1760 0 2 0 1442 
2 93 1802 0 5 0 1433 
2 106 1731 0 9 0 699 
2 105 1700 0 3 0 1536 
2 106 1819 0 4 0 379 
2 102 1749 0 3 0 1991 
2 98 1812 0 2 0 346 
2 103 1727 0 8 0 1232 
2 101 1743 0 5 0 847 
2 103 1795 0 3 0 444 
2 66 1886 0 5 0 1731 
2 107 1851 0 17 0 265 
2 87 1578 0 19 0 645 
2 129 1404 0 9 0 1699 
2 111 1812 0 30 0 628 
2 48 54 0 24 0 117 
2 133 1679 0 10 0 738 
2 132 1740 0 11 0 1562 
2 135 1695 0 12 0 1988 
2 131 1720 0 25 0 1458 
2 131 1564 0 10 0 1995 
2 110 1631 0 27 0 1431 
2 129 1749 0 10 0 1091 
2 111 1799 0 28 0 1014 
2 86 1651 0 10 0 239 
2 75 99 0 11 0 193 
2 129 1102 0 24 0 1069 
2 121 430 0 11 0 607 
2 130 1684 0 11 0 1091 
2 131 1196 0 8 0 1355 
2 133 1598 0 11 0 889 
2 134 1730 0 32 0 1599 
2 122 1662 0 33 0 1933 
2 133 1755 0 10 0 650 
2 133 677 0 24 0 927 
2 127 1621 0 10 0 1089 
2 122 1715 0 29 0 1266 
2 131 1723 0 11 0 1327 
2 122 1696 0 8 0 1993 
2 108 1783 0 9 0 1962 
2 132 1607 0 8 0 1907 
2 107 429 0 30 0 386 
2 115 1845 0 10 0 290 
2 132 1757 0 23 0 1284 
2 108 1814 0 24 0 1442 
2 112 1840 0 32 0 1989 
2 134 1677 0 8 0 1044 
2 118 320 0 25 0 594 
2 73 111 0 17 0 186 
2 131 738 0 8 0 1001 
2 115 848 0 28 0 1174 
2 82 187 0 30 0 296 
2 97 1762 0 8 0 1882 
2 115 1604 0 27 0 1743 
2 113 1836 0 8 0 1790 
2 101 1791 0 19 0 301 
2 134 1839 0 10 0 565 
2 73 233 0 34 0 360 
2 128 698 0 11 0 965 
2 113 251 0 29 0 444 
2 127 1790 0 23 0 674 
2 117 1739 0 39 0 827 
2 130 1686 0 36 0 1655 
2 113 807 0 9 0 856 
2 96 1389 0 23 0 1501 
2 127 1742 0 8 0 427 
2 105 168 0 24 0 337 
2 113 1789 0 20 0 1550 
2 129 1464 0 19 0 1720 
2 123 1694 0 9 0 1480 
2 121 1654 0 18 0 1973 
2 135 1700 0 36 0 1470 
2 73 85 0 15 0 164 
2 89 1018 0 15 0 218 
2 129 1723 0 9 0 1611 
2 134 1531 0 24 0 1623 
2 129 1783 0 9 0 1760 
2 99 186 0 9 0 212 
2 122 1816 0 24 0 585 
2 127 1751 0 25 0 1992 
2 127 1789 0 8 0 627 
2 112 1829 0 11 0 622 
2 69 72 0 21 0 130 
2 131 1703 0 10 0 1536 
2 124 1821 0 27 0 1184 
2 102 107 0 39 0 230 
2 114 1839 0 8 0 1305 
2 107 1146 0 27 0 257 
2 127 1670 0 12 0 1974 
2 107 1867 0 21 0 238 
2 111 1834 0 24 0 1678 
2 118 903 0 12 0 299 
2 84 161 0 13 0 306 
2 86 160 0 22 0 268 
2 123 1754 0 20 0 1077 
2 133 897 0 26 0 1233 
2 105 1736 0 10 0 1298 
2 130 1746 0 10 0 910 
2 129 1769 0 24 0 1395 
2 91 98 0 8 0 191 
2 126 1687 0 7 0 524 
2 122 1833 0 12 0 343 
2 130 1587 0 8 0 1896 
2 136 1533 0 16 0 1658 
2 133 1796 0 9 0 1583 
2 124 1669 0 17 0 1150 
2 118 1840 0 11 0 666 
2 132 1117 0 24 0 1142 
2 131 1800 0 8 0 1313 
2 126 1580 0 24 0 1924 
2 128 1790 0 7 0 868 
2 86 1786 0 9 0 247 
2 82 1808 0 12 0 229 
2 79 1802 0 12 0 846 
2 83 1759 0 13 0 1668 
2 86 1805 0 6 0 237 
2 79 1827 0 8 0 277 
2 83 1790 0 14 0 595 
2 83 1820 0 17 0 236 
2 85 1801 0 47 0 1136 
2 84 1852 0 6 0 196 
2 85 1732 0 8 0 630 
2 86 1708 0 7 0 1330 
2 84 1821 0 7 0 197 
2 78 1778 0 70 0 285 
2 85 1741 0 15 0 1637 
2 80 1844 0 17 0 977 
2 83 1713 0 7 0 313 
2 82 1823 0 11 0 426 
2 83 1785 0 12 0 393 
2 81 1885 0 6 0 196 
2 83 1682 0 6 0 589 
2 81 1875 0 14 0 221 
2 82 1800 0 16 0 1232 
2 85 1805 0 8 0 502 
2 86 1816 0 11 0 216 
2 85 1795 0 12 0 1110 
2 43 1885 0 13 0 301 
2 86 1771 0 11 0 1427 
2 84 1841 0 72 0 869 
2 81 1781 0 11 0 398 
2 84 1723 0 55 0 1255 
2 71 1704 0 54 0 231 
2 74 1792 0 29 0 1291 
2 86 1806 0 6 0 1150 
2 85 1729 0 16 0 991 
2 86 1783 0 8 0 1525 
2 91 1757 0 6 0 1299 
2 54 1815 0 10 0 697 
2 76 1887 0 50 0 418 
2 84 1818 0 11 0 509 
2 85 1682 0 10 0 1021 
2 85 1791 0 11 0 504 
2 86 1755 0 9 0 1137 
2 86 1798 0 24 0 997 
2 85 1826 0 13 0 1110 
2 81 1822 0 10 0 198 
2 43 1872 0 7 0 903 
2 84 1744 0 14 0 840 
2 82 1807 0 8 0 1823 
2 86 1840 0 8 0 442 
2 84 1765 0 11 0 1102 
2 83 1627 0 17 0 1000 
2 68 1823 0 19 0 686 
2 68 1775 0 8 0 414 
2 84 1861 0 6 0 1279 
2 84 1811 0 8 0 1183 
2 85 1836 0 11 0 1028 
2 85 1802 0 7 0 538 
2 85 1690 0 24 0 472 
2 84 1669 0 7 0 533 
2 86 1802 0 9 0 1109 
2 86 1741 0 8 0 760 
2 92 1744 0 10 0 1904 
2 84 1799 0 5 0 1099 
2 83 1834 0 11 0 518 
2 87 1823 0 15 0 732 
2 84 1823 0 6 0 1541 
2 86 1860 0 10 0 234 
2 83 1830 0 12 0 332 
2 86 1769 0 16 0 341 
2 84 1755 0 9 0 408 
2 67 1796 0 51 0 749 
2 78 1771 0 12 0 1841 
2 86 1755 0 5 0 1031 
2 83 1781 0 46 0 638 
2 84 1863 0 6 0 1781 
2 85 1780 0 8 0 676 
2 83 1756 0 58 0 873 
2 84 1847 0 27 0 218 
2 83 1833 0 10 0 218 
2 85 564 0 11 0 735 
2 67 1850 0 55 0 197 
2 84 1814 0 84 0 349 
2 86 1733 0 10 0 432 
2 84 1848 0 8 0 216 
2 85 1817 0 14 0 227 
2 85 1873 0 22 0 279 
2 84 1779 0 47 0 405 
2 85 1747 0 12 0 1477 
2 87 1727 0 8 0 617 
2 86 1865 0 12 0 1122 
2 86 1790 0 10 0 773 
2 78 1803 0 12 0 207 
2 85 1877 0 11 0 480 
2 85 1762 0 62 0 685 
2 86 1773 0 11 0 219 
2 86 1654 0 14 0 1007 
2 87 1862 0 7 0 1545 
2 85 1773 0 6 0 1500 
2 86 1832 0 16 0 930 
2 99 1743 0 67 0 1574 
2 41 41 0 46 0 81 
2 105 1880 0 53 0 219 
2 61 227 0 68 0 119 
2 48 53 0 50 0 118 
2 92 381 0 64 0 194 
2 105 1893 0 50 0 210 
2 51 337 0 54 0 106 
2 69 109 0 68 0 247 
2 99 607 0 68 0 759 
2 94 106 0 52 0 199 
2 77 1908 0 47 0 183 
2 83 262 0 63 0 201 
2 115 1325 0 50 0 850 
2 42 49 0 69 0 100 
2 98 1791 0 52 0 227 
2 58 1895 0 30 0 385 
2 109 1651 0 54 0 1861 
2 64 74 0 50 0 160 
2 54 1209 0 58 0 148 
1 26 29 0 0 0 53 
2 48 58 0 50 0 118 
2 39 41 0 54 0 93 
2 85 376 0 53 0 197 
2 116 1795 0 50 0 295 
2 115 1773 0 65 0 469 
2 116 890 0 48 0 391 
2 110 908 0 65 0 650 
2 77 626 0 51 0 740 
2 72 87 0 66 0 158 
1 28 34 0 0 0 62 
2 99 906 0 67 0 247 
2 72 80 0 65 0 171 
2 75 582 0 50 0 185 
2 33 125 0 13 0 82 
2 59 502 0 64 0 136 
2 91 637 0 68 0 434 
2 116 1791 0 71 0 505 
2 48 57 0 13 0 129 
2 37 42 0 58 0 90 
2 42 43 0 65 0 83 
1 18 20 0 0 0 37 
2 83 474 0 47 0 195 
2 64 1334 0 69 0 176 
2 113 310 0 68 0 224 
2 116 1612 0 51 0 1100 
2 82 257 0 67 0 185 
2 99 1825 0 67 0 1757 
1 20 23 0 0 0 52 
2 58 410 0 50 0 125 
2 115 718 0 70 0 521 
2 52 75 0 11 0 130 
2 67 104 0 50 0 188 
2 118 1595 0 63 0 1644 
2 63 344 0 69 0 481 
2 58 1512 0 26 0 1680 
1 29 32 0 0 0 67 
1 27 31 0 0 0 77 
2 104 472 0 68 0 262 
2 114 373 0 63 0 239 
2 111 439 0 49 0 435 
2 99 1854 0 48 0 239 
2 65 116 0 11 0 261 
2 83 1605 0 47 0 186 
2 55 177 0 49 0 122 
2 115 1748 0 48 0 642 
2 115 1802 0 64 0 888 
2 88 237 0 56 0 288 
2 62 1907 0 69 0 222 
2 83 1810 0 68 0 586 
2 91 660 0 66 0 179 
2 86 263 0 71 0 212 
2 87 1726 0 48 0 1006 
2 39 50 0 50 0 103 
2 64 83 0 65 0 186 
2 99 1591 0 54 0 252 
2 115 492 0 49 0 292 
2 83 458 0 48 0 625 
2 101 1563 0 66 0 250 
2 87 1889 0 51 0 176 
2 83 1714 0 48 0 991 
2 71 1885 0 49 0 182 
2 88 143 0 67 0 190 
1 13 13 0 0 0 31 
2 38 46 0 50 0 121 
2 118 844 0 11 0 987 
2 30 32 0 51 0 63 
2 112 626 0 68 0 240 
2 117 1712 0 66 0 1025 
2 27 39 0 14 0 110 
2 40 44 0 49 0 84 
2 113 474 0 66 0 651 
2 116 718 0 51 0 1019 
2 116 166 0 50 0 275 
2 58 66 0 48 0 137 
2 119 432 0 50 0 625 
2 87 1539 0 49 0 325 
2 62 110 0 16 0 124 
1 18 20 0 0 0 34 
1 16 19 0 0 0 31 
1 77 1887 0 2 0 485 
1 106 1866 0 2 0 309 
1 107 1861 0 2 0 356 
1 107 1871 0 2 0 320 
1 107 1855 0 3 0 276 
1 91 1882 0 2 0 239 
1 107 1865 0 2 0 333 
1 81 1875 0 2 0 184 
1 111 1822 0 2 0 1358 
1 89 1879 0 2 0 244 
1 106 1865 0 2 0 284 
1 106 1860 0 2 0 271 
1 107 1856 0 2 0 283 
1 109 1849 0 2 0 571 
1 111 1849 0 2 0 1577 
1 109 1856 0 3 0 262 
1 107 1871 0 3 0 254 
1 107 1863 0 2 0 267 
1 106 1858 0 3 0 306 
1 107 1871 0 2 0 292 
1 82 1880 0 2 0 192 
1 107 1859 0 3 0 280 
1 107 1861 0 2 0 276 
1 107 1861 0 3 0 340 
1 107 1855 0 2 0 352 
1 111 1822 0 2 0 586 
1 106 1862 0 2 0 282 
1 88 1882 0 2 0 220 
1 107 1863 0 2 0 333 
1 105 1857 0 2 0 538 
1 101 1866 0 2 0 282 
1 107 1796 0 2 0 1926 
1 107 1858 0 2 0 271 
1 78 1899 0 2 0 178 
1 106 1863 0 2 0 243 
1 111 1828 0 2 0 794 
1 107 1833 0 2 0 1236 
1 106 1867 0 3 0 275 
1 106 1865 0 2 0 311 
1 107 1861 0 3 0 296 
1 107 1865 0 2 0 299 
1 106 1865 0 2 0 313 
1 84 1861 0 2 0 1645 
1 91 1883 0 2 0 221 
1 111 1841 0 2 0 450 
1 111 1851 0 2 0 1928 
1 107 1853 0 2 0 350 
1 110 1843 0 2 0 1051 
1 106 1869 0 3 0 317 
1 107 1835 0 2 0 1095 
1 107 1863 0 2 0 375 
1 107 1866 0 2 0 384 
1 107 1863 0 2 0 304 
1 107 1856 0 2 0 273 
1 102 1865 0 2 0 334 
1 81 1874 0 2 0 185 
1 89 1882 0 3 0 256 
1 107 1863 0 2 0 266 
1 111 1855 0 2 0 296 
1 107 1820 0 2 0 1579 
1 107 1867 0 2 0 328 
1 107 1858 0 2 0 258 
1 106 1869 0 2 0 268 
1 110 1843 0 2 0 964 
1 111 1807 0 3 0 1389 
1 91 1873 0 2 0 227 
1 107 1869 0 2 0 263 
1 107 1854 0 2 0 294 
1 107 1863 0 3 0 276 
1 106 1838 0 2 0 873 
1 107 1857 0 2 0 285 
1 107 1856 0 2 0 328 
1 65 1909 0 2 0 148 
1 106 1857 0 2 0 286 
1 111 1844 0 2 0 301 
1 106 1866 0 2 0 279 
1 83 1883 0 2 0 365 
1 107 1867 0 2 0 248 
1 107 1867 0 3 0 254 
1 82 1882 0 3 0 184 
1 111 1851 0 2 0 872 
1 108 1857 0 2 0 1473 
1 107 1863 0 2 0 248 
1 106 1846 0 3 0 241 
1 92 1856 0 2 0 586 
1 107 1865 0 2 0 260 
1 107 1867 0 2 0 267 
1 109 1828 0 2 0 1447 
1 110 1824 0 2 0 1032 
1 107 1863 0 3 0 289 
1 106 1865 0 2 0 260 
1 111 1819 0 2 0 1338 
1 107 1864 0 2 0 311 
1 111 1845 0 2 0 550 
1 111 1847 0 2 0 361 
1 107 1861 0 2 0 285 
1 107 1855 0 2 0 295 
1 107 1855 0 2 0 596 
1 107 1869 0 3 0 248 
1 110 1855 0 2 0 1139 