5 1080 
0 0 
1 40 
1 264 
3 604 
2 424 
2 136 
3 1124 
2 276 
3 524 
1 140 
1 36 
0 0 
2 86 
2 364 
0 0 
5 372 
0 0 
1 98 
0 0 
3 584 
2 236 
0 0 
1 232 
2 580 
3 341 
0 0 
2 465 
3 478 
2 120 
0 0 
3 725 
2 1280 
1 668 
0 0 
5 1044 
0 0 
2 190 
4 1365 
1 80 
1 66 
3 773 
0 0 
2 336 
2 300 
0 0 
2 282 
1 106 
0 0 
4 1180 
0 0 
1 206 
1 58 
0 0 
0 0 
2 280 
2 200 
4 1728 
3 872 
4 612 
1 568 
0 0 
3 904 
4 1732 
4 660 
0 0 
2 484 
2 686 
3 264 
0 0 
1 66 
0 0 
2 225 
1 60 
4 516 
0 0 
2 258 
0 0 
2 348 
0 0 
2 380 
0 0 
0 0 
3 440 
1 63 
0 0 
2 468 
2 66 
2 246 
1 764 
3 172 
0 0 
3 621 
0 0 
2 138 
1 105 
1 42 
1 154 
3 786 
2 384 
4 1180 
2 380 
6 1988 
3 1139 
5 1304 
1 344 
5 1127 
3 541 
2 728 
3 956 
1 692 
3 428 
2 302 
6 1342 
5 1690 
5 624 
3 524 
5 1093 
5 1892 
2 448 
1 92 
1 305 
4 735 
4 436 
4 1701 
3 1644 
3 668 
3 1994 
1 944 
1 316 
2 212 
3 540 
4 392 
5 1920 
5 1997 
3 1546 
2 1144 
3 546 
3 1378 
6 1999 
4 1080 
5 1804 
2 1042 
2 1012 
5 856 
3 690 
2 340 
3 1221 
5 1300 
2 202 
4 1524 
5 868 
2 140 
5 1104 
5 886 
2 148 
4 1012 
4 519 
1 56 
2 1541 
1 52 
5 1998 
5 1634 
2 1426 
3 812 
5 1036 
5 1572 
3 372 
2 330 
4 1372 
1 879 
4 692 
1 410 
2 968 
1 42 
4 440 
4 923 
3 204 
3 1057 
3 724 
2 392 
4 522 
4 1834 
2 254 
4 676 
2 338 
4 1014 
2 216 
5 1052 
2 574 
3 804 
4 924 
4 1456 
1 252 
2 588 
6 1688 
5 1631 
1 596 
3 445 
5 1184 
3 739 
4 1632 
5 840 
5 1348 
4 1844 
3 1622 
2 174 
3 255 
6 1674 
3 396 
3 511 
3 1069 
0 0 
1 924 
2 244 
3 174 
4 1228 
4 1556 
3 1946 
4 1258 
3 1784 
2 1006 
1 47 
1 84 
4 1248 
1 247 
3 716 
3 476 
2 430 
3 1127 
4 1466 
2 216 
4 797 
2 297 
4 1294 
4 936 
1 73 
1 16 
4 716 
4 1952 
3 692 
3 436 
1 28 
5 946 
5 1998 
5 1260 
5 1234 
1 132 
4 1178 
0 0 
2 408 
3 914 
3 716 
5 1836 
3 380 
3 612 
2 499 
0 0 
3 772 
5 1130 
4 1094 
2 286 
5 1890 
0 0 
3 411 
3 735 
4 525 
3 392 
5 832 
3 500 
2 231 
3 414 
3 1172 
3 1764 
0 0 
4 1208 
5 924 
0 0 
3 999 
4 1260 
0 0 
2 252 
0 0 
4 600 
5 1321 
5 1548 
4 756 
0 0 
5 949 
3 596 
4 884 
3 556 
5 1381 
3 292 
3 900 
2 180 
3 302 
3 164 
0 0 
5 1444 
6 1860 
2 48 
4 344 
2 474 
7 1160 
5 1010 
2 344 
4 800 
4 945 
5 168 
4 1034 
4 1004 
2 284 
1 260 
3 382 
4 1258 
2 408 
0 0 
1 134 
8 1996 
6 1053 
1 23 
4 1996 
7 784 
5 385 
7 1820 
6 962 
1 114 
6 1300 
4 1054 
4 780 
5 516 
5 1934 
6 1248 
6 986 
3 340 
2 44 
2 438 
2 430 
1 124 
7 1242 
2 260 
2 271 
2 150 
4 138 
1 36 
2 940 
5 648 
5 562 
4 912 
7 1994 
4 1196 
3 212 
1 144 
5 570 
2 448 
6 1350 
4 284 
2 98 
6 950 
1 404 
4 966 
7 1957 
5 1032 
3 484 
3 728 
2 776 
2 270 
5 880 
2 32 
3 404 
2 68 
3 522 
0 0 
8 1999 
0 0 
6 1768 
1 130 
6 1540 
2 520 
5 672 
6 876 
1 24 
3 486 
6 754 
2 196 
4 416 
3 408 
1 18 
2 210 
5 1539 
3 259 
2 282 
6 840 
3 1324 
2 496 
0 0 
3 234 
4 304 
0 0 
2 424 
3 452 
0 0 
2 595 
1 200 
5 864 
3 496 
0 0 
0 0 
1 140 
3 280 
3 176 
2 256 
4 456 
2 364 
1 208 
1 128 
2 230 
2 1214 
2 69 
1 20 
1 100 
2 72 
0 0 
1 144 
2 200 
0 0 
1 52 
2 312 
0 0 
6 918 
0 0 
3 1178 
0 0 
1 213 
2 389 
4 480 
1 40 
2 424 
1 392 
3 280 
1 32 
1 16 
3 580 
2 316 
2 398 
2 392 
2 372 
1 168 
0 0 
5 1842 
0 0 
3 892 
2 112 
2 272 
5 856 
3 584 
2 175 
0 0 
1 16 
2 64 
4 688 
0 0 
0 0 
3 424 
1 436 
3 148 
0 0 
0 0 
1 190 
2 120 
2 117 
3 390 
0 0 
3 236 
1 43 
0 0 
2 400 
2 256 
4 496 
2 168 
2 262 
3 532 
3 606 
2 400 
0 0 
0 0 
3 268 
1 150 
2 265 
1 80 
3 234 
2 364 
2 280 
4 588 
3 458 
2 108 
1 40 
0 0 
1 126 
3 1800 
5 1964 
4 760 
5 1668 
5 1300 
4 332 
4 1300 
5 1522 
4 1190 
4 1276 
5 987 
5 1152 
4 944 
5 1996 
4 980 
0 0 
3 856 
2 972 
5 1756 
4 1994 
5 1648 
3 1764 
3 984 
5 1888 
2 688 
1 88 
4 1141 
5 1548 
4 1903 
4 1997 
3 688 
4 1998 
4 576 
2 1996 
5 1524 
5 1344 
5 1377 
5 1660 
4 887 
5 398 
4 1624 
3 1186 
5 1676 
5 1988 
5 1189 
5 1128 
4 792 
0 0 
5 1999 
4 972 
5 1993 
5 1980 
4 1221 
4 1384 
3 1624 
4 1520 
5 1952 
4 1808 
5 1480 
4 1164 
5 1299 
4 1328 
4 1628 
5 1604 
2 260 
5 1998 
4 1881 
5 1608 
5 1604 
4 864 
5 1997 
5 1656 
2 100 
0 0 
4 1269 
4 912 
5 704 
3 1625 
5 849 
3 1080 
2 692 
5 1724 
3 316 
5 1032 
3 380 
5 972 
4 1341 
5 1628 
5 1668 
4 1413 
5 804 
5 1721 
5 1995 
4 903 
4 1732 
5 1993 
4 1612 
5 1164 
3 1892 
5 1084 